I,II,III,aVR,aVL,aVF,V1,V2,V3,V4,V5,V6
-0.0038679997,-0.043024,-0.06154,nan,nan,nan,nan,nan,nan,nan,nan,nan
-0.0038679997,-0.046024,-0.06554,nan,nan,nan,nan,nan,nan,nan,nan,nan
-0.009868,-0.054024,-0.06654,nan,nan,nan,nan,nan,nan,nan,nan,nan
-0.0038679997,-0.052024,-0.070539996,nan,nan,nan,nan,nan,nan,nan,nan,nan
-0.005868,-0.054024,-0.070539996,nan,nan,nan,nan,nan,nan,nan,nan,nan
-0.0038679997,-0.052024,-0.070539996,nan,nan,nan,nan,nan,nan,nan,nan,nan
-0.007867999,-0.057024002,-0.070539996,nan,nan,nan,nan,nan,nan,nan,nan,nan
-0.020868,-0.069024,-0.070539996,nan,nan,nan,nan,nan,nan,nan,nan,nan
-0.005868,-0.064024,-0.08054,nan,nan,nan,nan,nan,nan,nan,nan,nan
0.0071320003,-0.059024,-0.08854,nan,nan,nan,nan,nan,nan,nan,nan,nan
0.010132,-0.056024,-0.08754,nan,nan,nan,nan,nan,nan,nan,nan,nan
0.023132,-0.050024,-0.096540004,nan,nan,nan,nan,nan,nan,nan,nan,nan
0.019132,-0.046024,-0.08754,nan,nan,nan,nan,nan,nan,nan,nan,nan
0.033131998,-0.024023999,-0.07954,nan,nan,nan,nan,nan,nan,nan,nan,nan
0.041132,0.005976,-0.05854,nan,nan,nan,nan,nan,nan,nan,nan,nan
0.044131998,0.039976,-0.026540002,nan,nan,nan,nan,nan,nan,nan,nan,nan
0.073132,0.078976,-0.016540002,nan,nan,nan,nan,nan,nan,nan,nan,nan
0.079132,0.113976,0.012459999,nan,nan,nan,nan,nan,nan,nan,nan,nan
0.081132,0.139976,0.03746,nan,nan,nan,nan,nan,nan,nan,nan,nan
0.075132,0.15197599,0.05546,nan,nan,nan,nan,nan,nan,nan,nan,nan
0.062132,0.153976,0.06846,nan,nan,nan,nan,nan,nan,nan,nan,nan
0.057132,0.138976,0.05946,nan,nan,nan,nan,nan,nan,nan,nan,nan
0.047132,0.117976,0.04846,nan,nan,nan,nan,nan,nan,nan,nan,nan
0.027132,0.084976,0.03546,nan,nan,nan,nan,nan,nan,nan,nan,nan
-0.005868,0.036976,0.020459998,nan,nan,nan,nan,nan,nan,nan,nan,nan
-0.010868,0.021976,0.010459999,nan,nan,nan,nan,nan,nan,nan,nan,nan
-0.0038679997,0.021976,0.0034599993,nan,nan,nan,nan,nan,nan,nan,nan,nan
-0.011868,0.007976,-0.0025400007,nan,nan,nan,nan,nan,nan,nan,nan,nan
-0.015868,-0.0030239997,-0.009540001,nan,nan,nan,nan,nan,nan,nan,nan,nan
-0.017868001,-0.011023999,-0.016540002,nan,nan,nan,nan,nan,nan,nan,nan,nan
-0.026868,-0.027024,-0.022540001,nan,nan,nan,nan,nan,nan,nan,nan,nan
-0.030868001,-0.034024,-0.025540002,nan,nan,nan,nan,nan,nan,nan,nan,nan
-0.030868001,-0.034024,-0.025540002,nan,nan,nan,nan,nan,nan,nan,nan,nan
-0.035868,-0.039024,-0.025540002,nan,nan,nan,nan,nan,nan,nan,nan,nan
-0.033868,-0.037024,-0.025540002,nan,nan,nan,nan,nan,nan,nan,nan,nan
-0.030868001,-0.034024,-0.025540002,nan,nan,nan,nan,nan,nan,nan,nan,nan
-0.031868,-0.031023998,-0.021540001,nan,nan,nan,nan,nan,nan,nan,nan,nan
-0.030868001,-0.028024,-0.01954,nan,nan,nan,nan,nan,nan,nan,nan,nan
-0.031868,-0.026023999,-0.016540002,nan,nan,nan,nan,nan,nan,nan,nan,nan
-0.030868001,-0.022023998,-0.013540002,nan,nan,nan,nan,nan,nan,nan,nan,nan
-0.036868002,-0.026023999,-0.011540001,nan,nan,nan,nan,nan,nan,nan,nan,nan
-0.042868,-0.028024,-0.007540001,nan,nan,nan,nan,nan,nan,nan,nan,nan
-0.033868,-0.028024,-0.016540002,nan,nan,nan,nan,nan,nan,nan,nan,nan
-0.034868,-0.021024,-0.008540001,nan,nan,nan,nan,nan,nan,nan,nan,nan
-0.037868,-0.011023999,0.0044599986,nan,nan,nan,nan,nan,nan,nan,nan,nan
-0.026868,0.0029759998,0.007459998,nan,nan,nan,nan,nan,nan,nan,nan,nan
-0.016867999,0.024976,0.019459998,nan,nan,nan,nan,nan,nan,nan,nan,nan
-0.015868,0.027975999,0.02146,nan,nan,nan,nan,nan,nan,nan,nan,nan
-0.019868,0.026976,0.024459999,nan,nan,nan,nan,nan,nan,nan,nan,nan
-0.022868,0.025975998,0.02646,nan,nan,nan,nan,nan,nan,nan,nan,nan
-0.030868001,0.021976,0.03046,nan,nan,nan,nan,nan,nan,nan,nan,nan
-0.020868,0.021976,0.020459998,nan,nan,nan,nan,nan,nan,nan,nan,nan
-0.022868,0.019976001,0.020459998,nan,nan,nan,nan,nan,nan,nan,nan,nan
-0.045868002,0.015976,0.03946,nan,nan,nan,nan,nan,nan,nan,nan,nan
-0.042868,0.014976,0.03446,nan,nan,nan,nan,nan,nan,nan,nan,nan
-0.040868,0.009976,0.02846,nan,nan,nan,nan,nan,nan,nan,nan,nan
-0.038868003,0.007976,0.024459999,nan,nan,nan,nan,nan,nan,nan,nan,nan
-0.031868,0.006976,0.01646,nan,nan,nan,nan,nan,nan,nan,nan,nan
-0.044868,-0.004024,0.018459998,nan,nan,nan,nan,nan,nan,nan,nan,nan
-0.037868,0.008976,0.024459999,nan,nan,nan,nan,nan,nan,nan,nan,nan
-0.027867999,0.019976001,0.024459999,nan,nan,nan,nan,nan,nan,nan,nan,nan
-0.028868001,0.015976,0.022459999,nan,nan,nan,nan,nan,nan,nan,nan,nan
-0.025867999,0.015976,0.020459998,nan,nan,nan,nan,nan,nan,nan,nan,nan
-0.028868001,0.010976,0.018459998,nan,nan,nan,nan,nan,nan,nan,nan,nan
-0.036868002,0.011976,0.02646,nan,nan,nan,nan,nan,nan,nan,nan,nan
-0.041868,0.009976,0.029459998,nan,nan,nan,nan,nan,nan,nan,nan,nan
-0.042868,0.0049759997,0.025459997,nan,nan,nan,nan,nan,nan,nan,nan,nan
-0.040868,0.0029759998,0.02146,nan,nan,nan,nan,nan,nan,nan,nan,nan
-0.034868,0.005976,0.018459998,nan,nan,nan,nan,nan,nan,nan,nan,nan
-0.022868,0.012976,0.013459999,nan,nan,nan,nan,nan,nan,nan,nan,nan
-0.018868,0.015976,0.012459999,nan,nan,nan,nan,nan,nan,nan,nan,nan
-0.030868001,0.020976,0.02846,nan,nan,nan,nan,nan,nan,nan,nan,nan
-0.025867999,0.025975998,0.029459998,nan,nan,nan,nan,nan,nan,nan,nan,nan
-0.021868002,0.024976,0.024459999,nan,nan,nan,nan,nan,nan,nan,nan,nan
-0.024868,0.020976,0.02346,nan,nan,nan,nan,nan,nan,nan,nan,nan
-0.018868,0.021976,0.018459998,nan,nan,nan,nan,nan,nan,nan,nan,nan
-0.024868,0.017976,0.02146,nan,nan,nan,nan,nan,nan,nan,nan,nan
-0.030868001,0.015976,0.024459999,nan,nan,nan,nan,nan,nan,nan,nan,nan
-0.034868,0.018976,0.03046,nan,nan,nan,nan,nan,nan,nan,nan,nan
-0.036868002,0.007976,0.022459999,nan,nan,nan,nan,nan,nan,nan,nan,nan
-0.042868,0.0029759998,0.02346,nan,nan,nan,nan,nan,nan,nan,nan,nan
-0.049868003,0.011976,0.03946,nan,nan,nan,nan,nan,nan,nan,nan,nan
-0.036868002,0.016975999,0.03246,nan,nan,nan,nan,nan,nan,nan,nan,nan
-0.021868002,0.024976,0.024459999,nan,nan,nan,nan,nan,nan,nan,nan,nan
-0.011868,0.030976001,0.019459998,nan,nan,nan,nan,nan,nan,nan,nan,nan
0.00013200007,0.031976,0.009459998,nan,nan,nan,nan,nan,nan,nan,nan,nan
-0.008868,0.031976,0.018459998,nan,nan,nan,nan,nan,nan,nan,nan,nan
-0.020868,0.031976,0.03146,nan,nan,nan,nan,nan,nan,nan,nan,nan
-0.017868001,0.031976,0.02846,nan,nan,nan,nan,nan,nan,nan,nan,nan
-0.023867998,0.044976,0.04646,nan,nan,nan,nan,nan,nan,nan,nan,nan
-0.019868,0.074976005,0.072459996,nan,nan,nan,nan,nan,nan,nan,nan,nan
-0.010868,0.082976,0.07146,nan,nan,nan,nan,nan,nan,nan,nan,nan
-0.010868,0.075976,0.06446,nan,nan,nan,nan,nan,nan,nan,nan,nan
-0.006868,0.074976005,0.05946,nan,nan,nan,nan,nan,nan,nan,nan,nan
-0.004868,0.069976,0.05246,nan,nan,nan,nan,nan,nan,nan,nan,nan
-0.0008679996,0.065976,0.04446,nan,nan,nan,nan,nan,nan,nan,nan,nan
0.015132,0.074976005,0.036459997,nan,nan,nan,nan,nan,nan,nan,nan,nan
0.023132,0.072976,0.027459998,nan,nan,nan,nan,nan,nan,nan,nan,nan
0.014132,0.061976,0.025459997,nan,nan,nan,nan,nan,nan,nan,nan,nan
0.008132,0.053976,0.02346,nan,nan,nan,nan,nan,nan,nan,nan,nan
0.0011320002,0.048976,0.025459997,nan,nan,nan,nan,nan,nan,nan,nan,nan
-0.005868,0.039976,0.02346,nan,nan,nan,nan,nan,nan,nan,nan,nan
-0.010868,0.036976,0.025459997,nan,nan,nan,nan,nan,nan,nan,nan,nan
-0.010868,0.035976,0.025459997,nan,nan,nan,nan,nan,nan,nan,nan,nan
-0.016867999,0.027975999,0.022459999,nan,nan,nan,nan,nan,nan,nan,nan,nan
-0.016867999,0.033976,0.029459998,nan,nan,nan,nan,nan,nan,nan,nan,nan
-0.020868,0.018976,0.01746,nan,nan,nan,nan,nan,nan,nan,nan,nan
-0.028868001,0.030976001,0.03746,nan,nan,nan,nan,nan,nan,nan,nan,nan
-0.060868002,-0.0070240004,0.03146,nan,nan,nan,nan,nan,nan,nan,nan,nan
-0.095868,0.005976,0.07946,nan,nan,nan,nan,nan,nan,nan,nan,nan
0.024131998,0.110976,0.06546,nan,nan,nan,nan,nan,nan,nan,nan,nan
0.337132,0.507976,0.14846,nan,nan,nan,nan,nan,nan,nan,nan,nan
0.566132,0.849976,0.26146,nan,nan,nan,nan,nan,nan,nan,nan,nan
0.384132,0.206976,-0.19854,nan,nan,nan,nan,nan,nan,nan,nan,nan
0.106132,-0.414024,-0.54154,nan,nan,nan,nan,nan,nan,nan,nan,nan
0.016132,-0.440024,-0.47854,nan,nan,nan,nan,nan,nan,nan,nan,nan
-0.036868002,-0.301024,-0.28554,nan,nan,nan,nan,nan,nan,nan,nan,nan
-0.051868,-0.078024,-0.04854,nan,nan,nan,nan,nan,nan,nan,nan,nan
-0.053868,-0.027024,0.0044599986,nan,nan,nan,nan,nan,nan,nan,nan,nan
-0.042868,-0.005024,0.014459999,nan,nan,nan,nan,nan,nan,nan,nan,nan
-0.045868002,0.003976,0.027459998,nan,nan,nan,nan,nan,nan,nan,nan,nan
-0.054868,0.0019760001,0.03446,nan,nan,nan,nan,nan,nan,nan,nan,nan
-0.041868,0.011976,0.03146,nan,nan,nan,nan,nan,nan,nan,nan,nan
-0.038868003,0.008976,0.025459997,nan,nan,nan,nan,nan,nan,nan,nan,nan
-0.026868,0.018976,0.024459999,nan,nan,nan,nan,nan,nan,nan,nan,nan
-0.027867999,0.012976,0.018459998,nan,nan,nan,nan,nan,nan,nan,nan,nan
-0.029868,0.008976,0.01646,nan,nan,nan,nan,nan,nan,nan,nan,nan
-0.027867999,0.0029759998,0.008459998,nan,nan,nan,nan,nan,nan,nan,nan,nan
-0.028868001,-0.0020239996,0.0044599986,nan,nan,nan,nan,nan,nan,nan,nan,nan
-0.029868,-0.008024,-0.0015400015,nan,nan,nan,nan,nan,nan,nan,nan,nan
-0.027867999,-0.012023999,-0.007540001,nan,nan,nan,nan,nan,nan,nan,nan,nan
-0.016867999,-0.0070240004,-0.011540001,nan,nan,nan,nan,nan,nan,nan,nan,nan
-0.0018679998,0.003976,-0.015540001,nan,nan,nan,nan,nan,nan,nan,nan,nan
0.008132,0.008976,-0.021540001,nan,nan,nan,nan,nan,nan,nan,nan,nan
0.017132,0.025975998,-0.013540002,nan,nan,nan,nan,nan,nan,nan,nan,nan
0.034132,0.052976,-0.0035400009,nan,nan,nan,nan,nan,nan,nan,nan,nan
0.049132,0.089976,0.018459998,nan,nan,nan,nan,nan,nan,nan,nan,nan
0.069132,0.14397599,0.05246,nan,nan,nan,nan,nan,nan,nan,nan,nan
0.086132,0.176976,0.06846,nan,nan,nan,nan,nan,nan,nan,nan,nan
0.101132,0.214976,0.09046,nan,nan,nan,nan,nan,nan,nan,nan,nan
0.090132,0.230976,0.11845999,nan,nan,nan,nan,nan,nan,nan,nan,nan
0.076132,0.21797599,0.119459994,nan,nan,nan,nan,nan,nan,nan,nan,nan
0.083132,0.206976,0.10046,nan,nan,nan,nan,nan,nan,nan,nan,nan
0.064132,0.17297599,0.08546,nan,nan,nan,nan,nan,nan,nan,nan,nan
0.042131998,0.138976,0.07446,nan,nan,nan,nan,nan,nan,nan,nan,nan
0.028132,0.113976,0.06346,nan,nan,nan,nan,nan,nan,nan,nan,nan
0.015132,0.088976,0.051459998,nan,nan,nan,nan,nan,nan,nan,nan,nan
0.0031320006,0.070976004,0.04446,nan,nan,nan,nan,nan,nan,nan,nan,nan
-0.006868,0.058976002,0.04246,nan,nan,nan,nan,nan,nan,nan,nan,nan
-0.013867999,0.047976002,0.03946,nan,nan,nan,nan,nan,nan,nan,nan,nan
-0.022868,0.035976,0.036459997,nan,nan,nan,nan,nan,nan,nan,nan,nan
-0.024868,0.031976,0.03446,nan,nan,nan,nan,nan,nan,nan,nan,nan
-0.025867999,0.028976,0.03246,nan,nan,nan,nan,nan,nan,nan,nan,nan
-0.024868,0.024976,0.027459998,nan,nan,nan,nan,nan,nan,nan,nan,nan
-0.024868,0.021976,0.024459999,nan,nan,nan,nan,nan,nan,nan,nan,nan
-0.025867999,0.017976,0.02146,nan,nan,nan,nan,nan,nan,nan,nan,nan
-0.021868002,0.016975999,0.01646,nan,nan,nan,nan,nan,nan,nan,nan,nan
-0.019868,0.016975999,0.014459999,nan,nan,nan,nan,nan,nan,nan,nan,nan
-0.019868,0.011976,0.009459998,nan,nan,nan,nan,nan,nan,nan,nan,nan
-0.019868,0.012976,0.009459998,nan,nan,nan,nan,nan,nan,nan,nan,nan
-0.021868002,0.007976,0.007459998,nan,nan,nan,nan,nan,nan,nan,nan,nan
-0.025867999,0.000976,0.0044599986,nan,nan,nan,nan,nan,nan,nan,nan,nan
-0.019868,0.005976,0.0034599993,nan,nan,nan,nan,nan,nan,nan,nan,nan
-0.021868002,0.007976,0.007459998,nan,nan,nan,nan,nan,nan,nan,nan,nan
-0.028868001,0.011976,0.018459998,nan,nan,nan,nan,nan,nan,nan,nan,nan
-0.024868,0.016975999,0.019459998,nan,nan,nan,nan,nan,nan,nan,nan,nan
-0.026868,0.016975999,0.02146,nan,nan,nan,nan,nan,nan,nan,nan,nan
-0.017868001,0.033976,0.03046,nan,nan,nan,nan,nan,nan,nan,nan,nan
-0.007867999,0.043976,0.029459998,nan,nan,nan,nan,nan,nan,nan,nan,nan
-0.013867999,0.037976,0.029459998,nan,nan,nan,nan,nan,nan,nan,nan,nan
-0.017868001,0.035976,0.03146,nan,nan,nan,nan,nan,nan,nan,nan,nan
-0.021868002,0.030976001,0.03046,nan,nan,nan,nan,nan,nan,nan,nan,nan
-0.023867998,0.027975999,0.029459998,nan,nan,nan,nan,nan,nan,nan,nan,nan
-0.027867999,0.023976002,0.029459998,nan,nan,nan,nan,nan,nan,nan,nan,nan
-0.029868,0.021976,0.029459998,nan,nan,nan,nan,nan,nan,nan,nan,nan
-0.029868,0.021976,0.029459998,nan,nan,nan,nan,nan,nan,nan,nan,nan
-0.030868001,0.017976,0.027459998,nan,nan,nan,nan,nan,nan,nan,nan,nan
-0.027867999,0.016975999,0.022459999,nan,nan,nan,nan,nan,nan,nan,nan,nan
-0.021868002,0.016975999,0.01646,nan,nan,nan,nan,nan,nan,nan,nan,nan
-0.013867999,0.021976,0.013459999,nan,nan,nan,nan,nan,nan,nan,nan,nan
-0.008868,0.021976,0.008459998,nan,nan,nan,nan,nan,nan,nan,nan,nan
-0.005868,0.019976001,0.0034599993,nan,nan,nan,nan,nan,nan,nan,nan,nan
-0.005868,0.030976001,0.014459999,nan,nan,nan,nan,nan,nan,nan,nan,nan
-0.005868,0.028976,0.012459999,nan,nan,nan,nan,nan,nan,nan,nan,nan
-0.014868,0.022976,0.014459999,nan,nan,nan,nan,nan,nan,nan,nan,nan
-0.032868,0.019976001,0.03046,nan,nan,nan,nan,nan,nan,nan,nan,nan
-0.033868,0.013976,0.025459997,nan,nan,nan,nan,nan,nan,nan,nan,nan
-0.033868,0.010976,0.022459999,nan,nan,nan,nan,nan,nan,nan,nan,nan
-0.038868003,0.0029759998,0.019459998,nan,nan,nan,nan,nan,nan,nan,nan,nan
-0.026868,0.008976,0.013459999,nan,nan,nan,nan,nan,nan,nan,nan,nan
-0.024868,0.013976,0.01746,nan,nan,nan,nan,nan,nan,nan,nan,nan
-0.030868001,0.010976,0.019459998,nan,nan,nan,nan,nan,nan,nan,nan,nan
-0.029868,0.011976,0.019459998,nan,nan,nan,nan,nan,nan,nan,nan,nan
-0.037868,0.007976,0.022459999,nan,nan,nan,nan,nan,nan,nan,nan,nan
-0.040868,0.005976,0.025459997,nan,nan,nan,nan,nan,nan,nan,nan,nan
-0.036868002,0.008976,0.02346,nan,nan,nan,nan,nan,nan,nan,nan,nan
-0.030868001,0.011976,0.020459998,nan,nan,nan,nan,nan,nan,nan,nan,nan
-0.027867999,0.011976,0.01746,nan,nan,nan,nan,nan,nan,nan,nan,nan
-0.022868,0.013976,0.014459999,nan,nan,nan,nan,nan,nan,nan,nan,nan
-0.016867999,0.017976,0.011459999,nan,nan,nan,nan,nan,nan,nan,nan,nan
-0.014868,0.016975999,0.009459998,nan,nan,nan,nan,nan,nan,nan,nan,nan
-0.018868,0.012976,0.009459998,nan,nan,nan,nan,nan,nan,nan,nan,nan
-0.019868,0.011976,0.009459998,nan,nan,nan,nan,nan,nan,nan,nan,nan
-0.019868,0.011976,0.009459998,nan,nan,nan,nan,nan,nan,nan,nan,nan
-0.023867998,0.007976,0.009459998,nan,nan,nan,nan,nan,nan,nan,nan,nan
-0.025867999,0.005976,0.009459998,nan,nan,nan,nan,nan,nan,nan,nan,nan
-0.022868,0.008976,0.009459998,nan,nan,nan,nan,nan,nan,nan,nan,nan
-0.015868,0.010976,0.0044599986,nan,nan,nan,nan,nan,nan,nan,nan,nan
-0.005868,0.020976,0.0044599986,nan,nan,nan,nan,nan,nan,nan,nan,nan
-0.004868,0.021976,0.0044599986,nan,nan,nan,nan,nan,nan,nan,nan,nan
-0.014868,0.015976,0.007459998,nan,nan,nan,nan,nan,nan,nan,nan,nan
-0.0038679997,0.045976,0.02846,nan,nan,nan,nan,nan,nan,nan,nan,nan
0.012132001,0.068976,0.03346,nan,nan,nan,nan,nan,nan,nan,nan,nan
0.012132001,0.060976002,0.02646,nan,nan,nan,nan,nan,nan,nan,nan,nan
0.017132,0.061976,0.022459999,nan,nan,nan,nan,nan,nan,nan,nan,nan
0.023132,0.060976002,0.015459999,nan,nan,nan,nan,nan,nan,nan,nan,nan
0.022132002,0.055976,0.011459999,nan,nan,nan,nan,nan,nan,nan,nan,nan
0.033131998,0.058976002,0.0034599993,nan,nan,nan,nan,nan,nan,nan,nan,nan
0.036132,0.049976002,-0.008540001,nan,nan,nan,nan,nan,nan,nan,nan,nan
0.029132001,0.030976001,-0.02054,nan,nan,nan,nan,nan,nan,nan,nan,nan
0.035132,0.028976,-0.027540002,nan,nan,nan,nan,nan,nan,nan,nan,nan
0.023132,0.018976,-0.026540002,nan,nan,nan,nan,nan,nan,nan,nan,nan
0.008132,0.008976,-0.021540001,nan,nan,nan,nan,nan,nan,nan,nan,nan
-0.005868,-0.005024,-0.022540001,nan,nan,nan,nan,nan,nan,nan,nan,nan
-0.010868,-0.0030239997,-0.014540002,nan,nan,nan,nan,nan,nan,nan,nan,nan
-0.008868,-0.004024,-0.01754,nan,nan,nan,nan,nan,nan,nan,nan,nan
-0.015868,-0.0030239997,-0.009540001,nan,nan,nan,nan,nan,nan,nan,nan,nan
0.00013200007,0.003976,-0.018540002,nan,nan,nan,nan,nan,nan,nan,nan,nan
-0.0018679998,-0.0030239997,-0.023540001,nan,nan,nan,nan,nan,nan,nan,nan,nan
-0.012868,0.008976,-0.0005400013,nan,nan,nan,nan,nan,nan,nan,nan,nan
-0.056868,-0.037024,-0.0035400009,nan,nan,nan,nan,nan,nan,nan,nan,nan
-0.088868,-0.021024,0.04546,nan,nan,nan,nan,nan,nan,nan,nan,nan
0.107132,0.138976,0.009459998,nan,nan,nan,nan,nan,nan,nan,nan,nan
0.461132,0.62097603,0.13746,nan,nan,nan,nan,nan,nan,nan,nan,nan
0.59113204,0.713976,0.10046,nan,nan,nan,nan,nan,nan,nan,nan,nan
0.322132,-0.046024,-0.39054,nan,nan,nan,nan,nan,nan,nan,nan,nan
0.061132,-0.492024,-0.57454,nan,nan,nan,nan,nan,nan,nan,nan,nan
-0.008868,-0.469024,-0.48354,nan,nan,nan,nan,nan,nan,nan,nan,nan
-0.044868,-0.278024,-0.25554,nan,nan,nan,nan,nan,nan,nan,nan,nan
-0.027867999,-0.079024,-0.074540004,nan,nan,nan,nan,nan,nan,nan,nan,nan
-0.009868,-0.052024,-0.06454,nan,nan,nan,nan,nan,nan,nan,nan,nan
-0.012868,-0.029023997,-0.038540002,nan,nan,nan,nan,nan,nan,nan,nan,nan
-0.015868,-0.035024,-0.04154,nan,nan,nan,nan,nan,nan,nan,nan,nan
-0.023867998,-0.032024,-0.02954,nan,nan,nan,nan,nan,nan,nan,nan,nan
-0.023867998,-0.027024,-0.025540002,nan,nan,nan,nan,nan,nan,nan,nan,nan
-0.033868,-0.029023997,-0.018540002,nan,nan,nan,nan,nan,nan,nan,nan,nan
-0.034868,-0.029023997,-0.016540002,nan,nan,nan,nan,nan,nan,nan,nan,nan
-0.027867999,-0.035024,-0.02954,nan,nan,nan,nan,nan,nan,nan,nan,nan
-0.020868,-0.032024,-0.033540003,nan,nan,nan,nan,nan,nan,nan,nan,nan
-0.008868,-0.033024,-0.04654,nan,nan,nan,nan,nan,nan,nan,nan,nan
nan,-0.034024,nan,-0.0009359997,-0.01836,0.019664,nan,nan,nan,nan,nan,nan
nan,-0.036024,nan,-0.002936,-0.010360001,0.014664002,nan,nan,nan,nan,nan,nan
nan,-0.043024,nan,-0.0069360007,0.004639998,0.0016640015,nan,nan,nan,nan,nan,nan
nan,-0.043024,nan,-0.0059360005,0.0036399998,0.0026639998,nan,nan,nan,nan,nan,nan
nan,-0.039024,nan,-0.010936,0.0066399984,0.0036640018,nan,nan,nan,nan,nan,nan
nan,-0.036024,nan,-0.010936,0.004639998,0.0066640005,nan,nan,nan,nan,nan,nan
nan,-0.0030239997,nan,-0.036936,0.0076400004,0.029664,nan,nan,nan,nan,nan,nan
nan,0.021976,nan,-0.056936,0.008639999,0.047664,nan,nan,nan,nan,nan,nan
nan,0.054976,nan,-0.079936,0.0036399998,0.074664,nan,nan,nan,nan,nan,nan
nan,0.107976004,nan,-0.119936,0.004639998,0.114664,nan,nan,nan,nan,nan,nan
nan,0.13697599,nan,-0.132936,-0.012360001,0.144664,nan,nan,nan,nan,nan,nan
nan,0.175976,nan,-0.164936,-0.00836,0.171664,nan,nan,nan,nan,nan,nan
nan,0.186976,nan,-0.17393601,-0.00736,0.178664,nan,nan,nan,nan,nan,nan
nan,0.16597599,nan,-0.148936,-0.02536,0.172664,nan,nan,nan,nan,nan,nan
nan,0.15197599,nan,-0.141936,-0.01836,0.157664,nan,nan,nan,nan,nan,nan
nan,0.110976,nan,-0.109936,-0.02036,0.128664,nan,nan,nan,nan,nan,nan
nan,0.078976,nan,-0.081936,-0.02936,0.109664,nan,nan,nan,nan,nan,nan
nan,0.058976002,nan,-0.065936,-0.03036,0.094664,nan,nan,nan,nan,nan,nan
nan,0.021976,nan,-0.033936,-0.03936,0.071664,nan,nan,nan,nan,nan,nan
nan,-0.0070240004,nan,-0.008935999,-0.04536,0.053664003,nan,nan,nan,nan,nan,nan
nan,-0.023024,nan,0.0050639994,-0.04936,0.043664,nan,nan,nan,nan,nan,nan
nan,-0.028024,nan,0.008064002,-0.04536,0.037664004,nan,nan,nan,nan,nan,nan
nan,-0.030024,nan,0.008064002,-0.043360002,0.034664,nan,nan,nan,nan,nan,nan
nan,-0.033024,nan,0.009064,-0.04036,0.030664,nan,nan,nan,nan,nan,nan
nan,-0.036024,nan,0.010063998,-0.03636,0.027664002,nan,nan,nan,nan,nan,nan
nan,-0.039024,nan,0.011064,-0.03436,0.023664001,nan,nan,nan,nan,nan,nan
nan,-0.048024,nan,0.012063999,-0.02536,0.013664,nan,nan,nan,nan,nan,nan
nan,-0.054024,nan,0.014063999,-0.02036,0.005664002,nan,nan,nan,nan,nan,nan
nan,-0.051023997,nan,0.013064001,-0.02236,0.008664001,nan,nan,nan,nan,nan,nan
nan,-0.062023997,nan,0.026064001,-0.03036,0.004664,nan,nan,nan,nan,nan,nan
nan,-0.067024,nan,0.032064,-0.03636,0.0036640018,nan,nan,nan,nan,nan,nan
nan,-0.060024,nan,0.026064001,-0.03536,0.008664001,nan,nan,nan,nan,nan,nan
nan,-0.056024,nan,0.021063998,-0.03036,0.009664003,nan,nan,nan,nan,nan,nan
nan,-0.049024,nan,0.012063999,-0.02236,0.010664001,nan,nan,nan,nan,nan,nan
nan,-0.044023998,nan,0.0050639994,-0.01636,0.011663999,nan,nan,nan,nan,nan,nan
nan,-0.040023997,nan,0.0040639993,-0.02036,0.016664002,nan,nan,nan,nan,nan,nan
nan,-0.037024,nan,0.0040639993,-0.024360001,0.020664003,nan,nan,nan,nan,nan,nan
nan,-0.034024,nan,0.0040639993,-0.02836,0.024664,nan,nan,nan,nan,nan,nan
nan,-0.031023998,nan,0.0040639993,-0.03236,0.028664,nan,nan,nan,nan,nan,nan
nan,-0.028024,nan,0.0030639991,-0.03736,0.033664003,nan,nan,nan,nan,nan,nan
nan,-0.029023997,nan,0.0030639991,-0.03536,0.031664,nan,nan,nan,nan,nan,nan
nan,-0.033024,nan,-0.0009359997,-0.02136,0.021664001,nan,nan,nan,nan,nan,nan
nan,-0.032024,nan,-0.0019359998,-0.02036,0.021664001,nan,nan,nan,nan,nan,nan
nan,-0.035024,nan,0.0050639994,-0.02836,0.023664001,nan,nan,nan,nan,nan,nan
nan,-0.038024,nan,0.009064,-0.03236,0.023664001,nan,nan,nan,nan,nan,nan
nan,-0.038024,nan,0.011064,-0.03636,0.026664002,nan,nan,nan,nan,nan,nan
nan,-0.035024,nan,0.011064,-0.04236,0.030664,nan,nan,nan,nan,nan,nan
nan,-0.032024,nan,0.0050639994,-0.03436,0.028664,nan,nan,nan,nan,nan,nan
nan,-0.033024,nan,0.0020640008,-0.02536,0.023664001,nan,nan,nan,nan,nan,nan
nan,-0.033024,nan,0.0020640008,-0.02736,0.024664,nan,nan,nan,nan,nan,nan
nan,-0.033024,nan,0.0020640008,-0.026360001,0.024664,nan,nan,nan,nan,nan,nan
nan,-0.033024,nan,0.0020640008,-0.026360001,0.024664,nan,nan,nan,nan,nan,nan
nan,-0.032024,nan,0.0010640007,-0.026360001,0.025664002,nan,nan,nan,nan,nan,nan
nan,-0.041024,nan,0.010063998,-0.03236,0.021664001,nan,nan,nan,nan,nan,nan
nan,-0.049024,nan,0.023063999,-0.043360002,0.020664003,nan,nan,nan,nan,nan,nan
nan,-0.048024,nan,0.020064,-0.03936,0.020664003,nan,nan,nan,nan,nan,nan
nan,-0.048024,nan,0.016064,-0.03136,0.015664,nan,nan,nan,nan,nan,nan
nan,-0.048024,nan,0.018064,-0.03436,0.017664,nan,nan,nan,nan,nan,nan
nan,-0.048024,nan,0.019064002,-0.03836,0.019664,nan,nan,nan,nan,nan,nan
nan,-0.045024,nan,0.018064,-0.04036,0.022664,nan,nan,nan,nan,nan,nan
nan,-0.042023998,nan,0.017064001,-0.04436,0.026664002,nan,nan,nan,nan,nan,nan
nan,-0.044023998,nan,0.020064,-0.04636,0.025664002,nan,nan,nan,nan,nan,nan
nan,-0.042023998,nan,0.013064001,-0.03536,0.021664001,nan,nan,nan,nan,nan,nan
nan,-0.045024,nan,0.011064,-0.02736,0.015664,nan,nan,nan,nan,nan,nan
nan,-0.058023997,nan,0.023063999,-0.03236,0.009664003,nan,nan,nan,nan,nan,nan
nan,-0.056024,nan,0.023063999,-0.03336,0.010664001,nan,nan,nan,nan,nan,nan
nan,-0.051023997,nan,0.020064,-0.03436,0.014664002,nan,nan,nan,nan,nan,nan
nan,-0.050024,nan,0.019064002,-0.03536,0.016664002,nan,nan,nan,nan,nan,nan
nan,-0.043024,nan,0.010063998,-0.02736,0.017664,nan,nan,nan,nan,nan,nan
nan,-0.045024,nan,0.009064,-0.02136,0.013664,nan,nan,nan,nan,nan,nan
nan,-0.053023998,nan,0.017064001,-0.026360001,0.009664003,nan,nan,nan,nan,nan,nan
nan,-0.053023998,nan,0.017064001,-0.026360001,0.009664003,nan,nan,nan,nan,nan,nan
nan,-0.053023998,nan,0.017064001,-0.026360001,0.009664003,nan,nan,nan,nan,nan,nan
nan,-0.053023998,nan,0.017064001,-0.026360001,0.009664003,nan,nan,nan,nan,nan,nan
nan,-0.052024,nan,0.017064001,-0.02836,0.010664001,nan,nan,nan,nan,nan,nan
nan,-0.054024,nan,0.021063998,-0.03236,0.011663999,nan,nan,nan,nan,nan,nan
nan,-0.058023997,nan,0.024064,-0.03336,0.009664003,nan,nan,nan,nan,nan,nan
nan,-0.058023997,nan,0.024064,-0.03336,0.009664003,nan,nan,nan,nan,nan,nan
nan,-0.058023997,nan,0.024064,-0.03336,0.009664003,nan,nan,nan,nan,nan,nan
nan,-0.058023997,nan,0.021063998,-0.02536,0.005664002,nan,nan,nan,nan,nan,nan
nan,-0.058023997,nan,0.018064,-0.02236,0.004664,nan,nan,nan,nan,nan,nan
nan,-0.054024,nan,0.016064,-0.02236,0.0066640005,nan,nan,nan,nan,nan,nan
nan,-0.044023998,nan,0.0040639993,-0.01636,0.011663999,nan,nan,nan,nan,nan,nan
nan,-0.038024,nan,-0.0009359997,-0.014359999,0.014664002,nan,nan,nan,nan,nan,nan
nan,-0.020024002,nan,-0.016936,-0.00736,0.024664,nan,nan,nan,nan,nan,nan
nan,-0.0010240003,nan,-0.034936,-0.00036000088,0.035664,nan,nan,nan,nan,nan,nan
nan,0.000976,nan,-0.036936,-0.00036000088,0.037664004,nan,nan,nan,nan,nan,nan
nan,-0.0010240003,nan,-0.031936,-0.00636,0.038664002,nan,nan,nan,nan,nan,nan
nan,-0.029023997,nan,-0.0069360007,-0.01536,0.022664,nan,nan,nan,nan,nan,nan
nan,-0.041024,nan,-0.003936,-0.0023600012,0.0066640005,nan,nan,nan,nan,nan,nan
nan,-0.036024,nan,-0.010936,0.0036399998,0.0076640025,nan,nan,nan,nan,nan,nan
nan,-0.042023998,nan,-0.002936,-0.0023600012,0.005664002,nan,nan,nan,nan,nan,nan
nan,-0.043024,nan,-0.002936,-0.00036000088,0.0036640018,nan,nan,nan,nan,nan,nan
nan,-0.041024,nan,-0.003936,-0.0023600012,0.0066640005,nan,nan,nan,nan,nan,nan
nan,-0.057024002,nan,0.0040639993,0.004639998,-0.009335998,nan,nan,nan,nan,nan,nan
nan,-0.064024,nan,0.011064,0.0016399994,-0.013335999,nan,nan,nan,nan,nan,nan
nan,-0.063024,nan,0.012063999,-0.001360001,-0.0103360005,nan,nan,nan,nan,nan,nan
nan,-0.063024,nan,0.013064001,-0.0043599997,-0.009335998,nan,nan,nan,nan,nan,nan
nan,-0.064024,nan,0.017064001,-0.010360001,-0.006336,nan,nan,nan,nan,nan,nan
nan,-0.080024,nan,0.032064,-0.01736,-0.015335996,nan,nan,nan,nan,nan,nan
nan,-0.065023996,nan,0.024064,-0.023359999,-0.00033599883,nan,nan,nan,nan,nan,nan
nan,-0.078024,nan,0.036064,-0.026360001,-0.009335998,nan,nan,nan,nan,nan,nan
nan,-0.057024002,nan,0.026064001,-0.03936,0.013664,nan,nan,nan,nan,nan,nan
nan,-0.090024,nan,0.054064,-0.04536,-0.008335996,nan,nan,nan,nan,nan,nan
nan,-0.112024,nan,0.088064,-0.080359995,-0.008335996,nan,nan,nan,nan,nan,nan
nan,-0.008024,nan,-0.028936,-0.0023600012,0.030664,nan,nan,nan,nan,nan,nan
nan,0.353976,nan,-0.364936,0.12564,0.238664,nan,nan,nan,nan,nan,nan
nan,0.747976,nan,-0.695936,0.19664,0.497664,nan,nan,nan,nan,nan,nan
nan,0.221976,nan,-0.363936,0.32364,0.040664002,nan,nan,nan,nan,nan,nan
nan,-0.447024,nan,0.13206401,0.33464,-0.466336,nan,nan,nan,nan,nan,nan
nan,-0.562024,nan,0.24806398,0.27364,-0.522336,nan,nan,nan,nan,nan,nan
nan,-0.439024,nan,0.21306399,0.15964,-0.372336,nan,nan,nan,nan,nan,nan
nan,-0.190024,nan,0.089064,0.03564,-0.12433599,nan,nan,nan,nan,nan,nan
nan,-0.13402401,nan,0.054064,0.02064,-0.075335994,nan,nan,nan,nan,nan,nan
nan,-0.109023996,nan,0.042064004,0.0076400004,-0.050336,nan,nan,nan,nan,nan,nan
nan,-0.096024,nan,0.038064003,-0.0033599995,-0.034335997,nan,nan,nan,nan,nan,nan
nan,-0.101024,nan,0.047064,-0.013360001,-0.033336002,nan,nan,nan,nan,nan,nan
nan,-0.088024,nan,0.036064,-0.013360001,-0.024335999,nan,nan,nan,nan,nan,nan
nan,-0.097024,nan,0.041064,-0.010360001,-0.031336,nan,nan,nan,nan,nan,nan
nan,-0.091024,nan,0.038064003,-0.012360001,-0.026335996,nan,nan,nan,nan,nan,nan
nan,-0.094024,nan,0.041064,-0.013360001,-0.027335998,nan,nan,nan,nan,nan,nan
nan,-0.096024,nan,0.045064002,-0.01736,-0.027335998,nan,nan,nan,nan,nan,nan
nan,-0.104024,nan,0.039063998,0.00564,-0.044336002,nan,nan,nan,nan,nan,nan
nan,-0.103024,nan,0.036064,0.008639999,-0.045335997,nan,nan,nan,nan,nan,nan
nan,-0.100024,nan,0.037064,0.0036399998,-0.040336,nan,nan,nan,nan,nan,nan
nan,-0.096024,nan,0.023063999,0.024640001,-0.047336,nan,nan,nan,nan,nan,nan
nan,-0.110024,nan,0.037064,0.019639999,-0.056335997,nan,nan,nan,nan,nan,nan
nan,-0.108024,nan,0.037064,0.015639998,-0.052335996,nan,nan,nan,nan,nan,nan
nan,-0.093024,nan,0.015064001,0.037639998,-0.052335996,nan,nan,nan,nan,nan,nan
nan,-0.091024,nan,0.009064,0.04664,-0.055336002,nan,nan,nan,nan,nan,nan
nan,-0.059024,nan,-0.015936,0.048639998,-0.032336,nan,nan,nan,nan,nan,nan
nan,-0.017024,nan,-0.046935998,0.048639998,-0.0013359971,nan,nan,nan,nan,nan,nan
nan,0.022976,nan,-0.072936,0.03864,0.034664,nan,nan,nan,nan,nan,nan
nan,0.061976,nan,-0.099936,0.03464,0.064664,nan,nan,nan,nan,nan,nan
nan,0.097976,nan,-0.128936,0.03864,0.089664,nan,nan,nan,nan,nan,nan
nan,0.104976,nan,-0.133936,0.036640003,0.095664,nan,nan,nan,nan,nan,nan
nan,0.114976004,nan,-0.14393601,0.04264,0.100664005,nan,nan,nan,nan,nan,nan
nan,0.115976,nan,-0.144936,0.04264,0.10166401,nan,nan,nan,nan,nan,nan
nan,0.070976004,nan,-0.100936,0.021639999,0.078664005,nan,nan,nan,nan,nan,nan
nan,0.042976,nan,-0.070936,0.004639998,0.064664,nan,nan,nan,nan,nan,nan
nan,0.011976,nan,-0.047936,0.00564,0.042664,nan,nan,nan,nan,nan,nan
nan,-0.017024,nan,-0.022936,-0.0023600012,0.024664,nan,nan,nan,nan,nan,nan
nan,-0.035024,nan,-0.0069360007,-0.00636,0.012664001,nan,nan,nan,nan,nan,nan
nan,-0.058023997,nan,0.010063998,-0.00536,-0.005335998,nan,nan,nan,nan,nan,nan
nan,-0.063024,nan,0.013064001,-0.00536,-0.008335996,nan,nan,nan,nan,nan,nan
nan,-0.072024,nan,0.017064001,0.0016399994,-0.018336002,nan,nan,nan,nan,nan,nan
nan,-0.083024,nan,0.027064,-0.001360001,-0.025336001,nan,nan,nan,nan,nan,nan
nan,-0.083024,nan,0.031064,-0.0093600005,-0.021336,nan,nan,nan,nan,nan,nan
nan,-0.082024,nan,0.031064,-0.0093600005,-0.020335998,nan,nan,nan,nan,nan,nan
nan,-0.079024,nan,0.019064002,0.008639999,-0.027335998,nan,nan,nan,nan,nan,nan
nan,-0.077024,nan,0.012063999,0.01864,-0.030335996,nan,nan,nan,nan,nan,nan
nan,-0.081024,nan,0.017064001,0.01464,-0.031336,nan,nan,nan,nan,nan,nan
nan,-0.100024,nan,0.037064,0.0036399998,-0.040336,nan,nan,nan,nan,nan,nan
nan,-0.104024,nan,0.043064,-0.0023600012,-0.040336,nan,nan,nan,nan,nan,nan
nan,-0.099024,nan,0.038064003,0.00064000115,-0.038335998,nan,nan,nan,nan,nan,nan
nan,-0.098023996,nan,0.036064,0.0026400015,-0.038335998,nan,nan,nan,nan,nan,nan
nan,-0.093024,nan,0.028064001,0.012639999,-0.040336,nan,nan,nan,nan,nan,nan
nan,-0.093024,nan,0.029064,0.009640001,-0.038335998,nan,nan,nan,nan,nan,nan
nan,-0.087023996,nan,0.026064001,0.0066399984,-0.032336,nan,nan,nan,nan,nan,nan
nan,-0.080024,nan,0.022064,0.004639998,-0.026335996,nan,nan,nan,nan,nan,nan
nan,-0.074024,nan,0.018064,0.0016399994,-0.020335998,nan,nan,nan,nan,nan,nan
nan,-0.068024,nan,0.015064001,0.00064000115,-0.014336001,nan,nan,nan,nan,nan,nan
nan,-0.059024,nan,0.008064002,0.00064000115,-0.008335996,nan,nan,nan,nan,nan,nan
nan,-0.064024,nan,0.013064001,-0.001360001,-0.0113360025,nan,nan,nan,nan,nan,nan
nan,-0.079024,nan,0.029064,-0.011360001,-0.017336,nan,nan,nan,nan,nan,nan
nan,-0.078024,nan,0.029064,-0.014359999,-0.014336001,nan,nan,nan,nan,nan,nan
nan,-0.078024,nan,0.029064,-0.012360001,-0.015335996,nan,nan,nan,nan,nan,nan
nan,-0.078024,nan,0.025063999,-0.00536,-0.019335996,nan,nan,nan,nan,nan,nan
nan,-0.078024,nan,0.025063999,-0.00536,-0.019335996,nan,nan,nan,nan,nan,nan
nan,-0.078024,nan,0.029064,-0.013360001,-0.015335996,nan,nan,nan,nan,nan,nan
nan,-0.078024,nan,0.031064,-0.01636,-0.014336001,nan,nan,nan,nan,nan,nan
nan,-0.078024,nan,0.035064,-0.024360001,-0.0103360005,nan,nan,nan,nan,nan,nan
nan,-0.078024,nan,0.036064,-0.02736,-0.008335996,nan,nan,nan,nan,nan,nan
nan,-0.078024,nan,0.029064,-0.013360001,-0.015335996,nan,nan,nan,nan,nan,nan
nan,-0.078024,nan,0.027064,-0.00736,-0.019335996,nan,nan,nan,nan,nan,nan
nan,-0.082024,nan,0.032064,-0.011360001,-0.020335998,nan,nan,nan,nan,nan,nan
nan,-0.083024,nan,0.033064,-0.012360001,-0.020335998,nan,nan,nan,nan,nan,nan
nan,-0.083024,nan,0.026064001,-0.00036000088,-0.025336001,nan,nan,nan,nan,nan,nan
nan,-0.083024,nan,0.021063998,0.008639999,-0.030335996,nan,nan,nan,nan,nan,nan
nan,-0.083024,nan,0.027064,-0.00036000088,-0.026335996,nan,nan,nan,nan,nan,nan
nan,-0.080024,nan,0.025063999,-0.001360001,-0.023335997,nan,nan,nan,nan,nan,nan
nan,-0.078024,nan,0.026064001,-0.00736,-0.018336002,nan,nan,nan,nan,nan,nan
nan,-0.078024,nan,0.029064,-0.012360001,-0.016335998,nan,nan,nan,nan,nan,nan
nan,-0.075024,nan,0.020064,-0.00036000088,-0.019335996,nan,nan,nan,nan,nan,nan
nan,-0.072024,nan,0.016064,0.004639998,-0.020335998,nan,nan,nan,nan,nan,nan
nan,-0.074024,nan,0.018064,0.0026400015,-0.020335998,nan,nan,nan,nan,nan,nan
nan,-0.078024,nan,0.024064,-0.0023600012,-0.021336,nan,nan,nan,nan,nan,nan
nan,-0.076023996,nan,0.023063999,-0.0033599995,-0.019335996,nan,nan,nan,nan,nan,nan
nan,-0.070024,nan,0.016064,0.00064000115,-0.016335998,nan,nan,nan,nan,nan,nan
nan,-0.067024,nan,0.016064,-0.0023600012,-0.012335997,nan,nan,nan,nan,nan,nan
nan,-0.061024003,nan,0.010063998,-0.00036000088,-0.009335998,nan,nan,nan,nan,nan,nan
nan,-0.058023997,nan,0.007064,0.0016399994,-0.008335996,nan,nan,nan,nan,nan,nan
nan,-0.071024,nan,0.020064,-0.00536,-0.014336001,nan,nan,nan,nan,nan,nan
nan,-0.074024,nan,0.023063999,-0.00636,-0.016335998,nan,nan,nan,nan,nan,nan
nan,-0.069024,nan,0.019064002,-0.00636,-0.012335997,nan,nan,nan,nan,nan,nan
nan,-0.068024,nan,0.019064002,-0.00836,-0.0103360005,nan,nan,nan,nan,nan,nan
nan,-0.063024,nan,0.014063999,-0.00636,-0.008335996,nan,nan,nan,nan,nan,nan
nan,-0.064024,nan,0.015064001,-0.00736,-0.008335996,nan,nan,nan,nan,nan,nan
nan,-0.067024,nan,0.018064,-0.00736,-0.0103360005,nan,nan,nan,nan,nan,nan
nan,-0.080024,nan,0.032064,-0.01536,-0.016335998,nan,nan,nan,nan,nan,nan
nan,-0.078024,nan,0.032064,-0.01936,-0.013335999,nan,nan,nan,nan,nan,nan
nan,-0.068024,nan,0.022064,-0.01536,-0.007336002,nan,nan,nan,nan,nan,nan
nan,-0.077024,nan,0.026064001,-0.00836,-0.017336,nan,nan,nan,nan,nan,nan
nan,-0.076023996,nan,0.021063998,-0.00036000088,-0.020335998,nan,nan,nan,nan,nan,nan
nan,-0.074024,nan,0.022064,-0.00536,-0.017336,nan,nan,nan,nan,nan,nan
nan,-0.047024,nan,0.0020640008,-0.00636,0.0036640018,nan,nan,nan,nan,nan,nan
nan,-0.024023999,nan,-0.007936001,-0.01936,0.027664002,nan,nan,nan,nan,nan,nan
nan,-0.029023997,nan,0.0050639994,-0.03836,0.033664003,nan,nan,nan,nan,nan,nan
nan,-0.021024,nan,-0.008935999,-0.02136,0.031664,nan,nan,nan,nan,nan,nan
nan,-0.018024001,nan,-0.021936,-0.001360001,0.022664,nan,nan,nan,nan,nan,nan
nan,-0.012023999,nan,-0.032936,0.012639999,0.020664003,nan,nan,nan,nan,nan,nan
nan,-0.010024001,nan,-0.040936,0.02564,0.015664,nan,nan,nan,nan,nan,nan
nan,0.005976,nan,-0.056936,0.033639997,0.023664001,nan,nan,nan,nan,nan,nan
nan,0.011976,nan,-0.061936,0.033639997,0.027664002,nan,nan,nan,nan,nan,nan
nan,-0.025024,nan,-0.024936,0.013640001,0.010664001,nan,nan,nan,nan,nan,nan
nan,-0.060024,nan,0.011064,-0.00536,-0.006336,nan,nan,nan,nan,nan,nan
nan,-0.067024,nan,0.017064001,-0.00636,-0.0103360005,nan,nan,nan,nan,nan,nan
nan,-0.068024,nan,0.014063999,0.00064000115,-0.015335996,nan,nan,nan,nan,nan,nan
nan,-0.076023996,nan,0.022064,-0.0023600012,-0.020335998,nan,nan,nan,nan,nan,nan
nan,-0.069024,nan,0.020064,-0.00736,-0.012335997,nan,nan,nan,nan,nan,nan
nan,-0.076023996,nan,0.023063999,-0.00536,-0.017336,nan,nan,nan,nan,nan,nan
nan,-0.061024003,nan,0.015064001,-0.010360001,-0.0043359995,nan,nan,nan,nan,nan,nan
nan,-0.074024,nan,0.024064,-0.00836,-0.015335996,nan,nan,nan,nan,nan,nan
nan,-0.065023996,nan,0.025063999,-0.024360001,-0.0013359971,nan,nan,nan,nan,nan,nan
nan,-0.083024,nan,0.041064,-0.02936,-0.0113360025,nan,nan,nan,nan,nan,nan
nan,-0.117024,nan,0.080064,-0.05736,-0.022336002,nan,nan,nan,nan,nan,nan
nan,-0.034024,nan,0.012063999,-0.04536,0.032664,nan,nan,nan,nan,nan,nan
nan,0.273976,nan,-0.272936,0.059639998,0.211664,nan,nan,nan,nan,nan,nan
nan,0.724976,nan,-0.633936,0.106639996,0.52566403,nan,nan,nan,nan,nan,nan
nan,0.315976,nan,-0.389936,0.23264,0.155664,nan,nan,nan,nan,nan,nan
nan,-0.42902398,nan,0.128064,0.31564,-0.444336,nan,nan,nan,nan,nan,nan
nan,-0.556024,nan,0.259064,0.24364,-0.502336,nan,nan,nan,nan,nan,nan
nan,-0.453024,nan,0.22906399,0.15064,-0.378336,nan,nan,nan,nan,nan,nan
nan,-0.227024,nan,0.121064,0.02764,-0.14733599,nan,nan,nan,nan,nan,nan
nan,-0.123023994,nan,0.062064,-0.012360001,-0.049335998,nan,nan,nan,nan,nan,nan
nan,-0.106024,nan,0.050063998,-0.013360001,-0.036336,nan,nan,nan,nan,nan,nan
nan,-0.083024,nan,0.037064,-0.02036,-0.015335996,nan,nan,nan,nan,nan,nan
nan,-0.091024,nan,0.043064,-0.02136,-0.021336,nan,nan,nan,nan,nan,nan
nan,-0.077024,nan,0.037064,-0.02936,-0.007336002,nan,nan,nan,nan,nan,nan
nan,-0.079024,nan,0.039063998,-0.03036,-0.008335996,nan,nan,nan,nan,nan,nan
nan,-0.073024,nan,0.038064003,-0.03836,0.00066399947,nan,nan,nan,nan,nan,nan
nan,-0.083024,nan,0.035064,-0.01736,-0.017336,nan,nan,nan,nan,nan,nan
nan,-0.093024,nan,0.034064,-0.001360001,-0.033336002,nan,nan,nan,nan,nan,nan
nan,-0.101024,nan,0.043064,-0.00536,-0.037335996,nan,nan,nan,nan,nan,nan
nan,-0.111024,nan,0.055064,-0.01536,-0.039336,nan,nan,nan,nan,nan,nan
nan,-0.110024,nan,0.052064,-0.011360001,-0.040336,nan,nan,nan,nan,nan,nan
nan,-0.106024,nan,0.037064,0.011640001,-0.050336,nan,nan,nan,nan,nan,nan
nan,-0.101024,nan,0.032064,0.01464,-0.047336,nan,nan,nan,nan,nan,nan
nan,-0.097024,nan,0.028064001,0.01664,-0.045335997,nan,nan,nan,nan,nan,nan
nan,-0.093024,nan,0.024064,0.01864,-0.043336,nan,nan,nan,nan,nan,nan
nan,-0.071024,nan,nan,nan,nan,0.11062001,0.40716,0.16254,nan,nan,nan
nan,-0.038024,nan,nan,nan,nan,0.124620005,0.45616,0.19654,nan,nan,nan
nan,0.006976,nan,nan,nan,nan,0.10862,0.50816,0.22454001,nan,nan,nan
nan,0.037976,nan,nan,nan,nan,0.10162,0.51115996,0.25954,nan,nan,nan
nan,0.071976,nan,nan,nan,nan,0.098620005,0.50516,0.26654,nan,nan,nan
nan,0.111976,nan,nan,nan,nan,0.07062,0.47016,0.26154,nan,nan,nan
nan,0.119976,nan,nan,nan,nan,0.04562,0.42116,0.24754,nan,nan,nan
nan,0.113976,nan,nan,nan,nan,0.044620007,0.36416,0.22454001,nan,nan,nan
nan,0.106976,nan,nan,nan,nan,0.038620003,0.27816,0.18554,nan,nan,nan
nan,0.085976005,nan,nan,nan,nan,0.032620005,0.21716,0.13454,nan,nan,nan
nan,0.045976,nan,nan,nan,nan,0.028620005,0.14916,0.08354,nan,nan,nan
nan,0.026976,nan,nan,nan,nan,0.021620005,0.082159996,0.04154,nan,nan,nan
nan,0.010976,nan,nan,nan,nan,0.016620003,0.04516,0.009540001,nan,nan,nan
nan,-0.011023999,nan,nan,nan,nan,0.008620005,-0.0058399998,-0.020459998,nan,nan,nan
nan,-0.041024,nan,nan,nan,nan,0.0036200043,-0.04284,-0.05746,nan,nan,nan
nan,-0.065023996,nan,nan,nan,nan,-0.0063799955,-0.04684,-0.08146,nan,nan,nan
nan,-0.062023997,nan,nan,nan,nan,-0.0033799969,-0.03884,-0.086459994,nan,nan,nan
nan,-0.066024,nan,nan,nan,nan,0.007620003,-0.05284,-0.09345999,nan,nan,nan
nan,-0.069024,nan,nan,nan,nan,0.001620004,-0.08584,-0.08946,nan,nan,nan
nan,-0.072024,nan,nan,nan,nan,-0.0033799969,-0.079840004,-0.08946,nan,nan,nan
nan,-0.073024,nan,nan,nan,nan,-0.0063799955,-0.06384,-0.10346,nan,nan,nan
nan,-0.078024,nan,nan,nan,nan,-0.013379997,-0.065840006,-0.10346,nan,nan,nan
nan,-0.085024,nan,nan,nan,nan,-0.0073799957,-0.06984001,-0.09946,nan,nan,nan
nan,-0.081024,nan,nan,nan,nan,-0.0013799965,-0.06984001,-0.09646,nan,nan,nan
nan,-0.085024,nan,nan,nan,nan,-0.005379997,-0.06284,-0.09246,nan,nan,nan
nan,-0.082024,nan,nan,nan,nan,-0.008379997,-0.05784,-0.08846,nan,nan,nan
nan,-0.081024,nan,nan,nan,nan,-0.010379996,-0.05184,-0.09646,nan,nan,nan
nan,-0.092024,nan,nan,nan,nan,-0.015379996,-0.04684,-0.105459996,nan,nan,nan
nan,-0.079024,nan,nan,nan,nan,-0.0063799955,-0.04184,-0.08746,nan,nan,nan
nan,-0.067024,nan,nan,nan,nan,0.008620005,-0.03884,-0.075459994,nan,nan,nan
nan,-0.059024,nan,nan,nan,nan,0.006620003,-0.03384,-0.07346,nan,nan,nan
nan,-0.047024,nan,nan,nan,nan,0.0036200043,-0.03284,-0.06546,nan,nan,nan
nan,-0.051023997,nan,nan,nan,nan,0.0006200038,-0.024840001,-0.06146,nan,nan,nan
nan,-0.054024,nan,nan,nan,nan,-0.0023799967,-0.02984,-0.05446,nan,nan,nan
nan,-0.053023998,nan,nan,nan,nan,-0.004379997,-0.026839998,-0.05846,nan,nan,nan
nan,-0.050024,nan,nan,nan,nan,-0.008379997,-0.02284,-0.05946,nan,nan,nan
nan,-0.047024,nan,nan,nan,nan,-0.008379997,-0.055839997,-0.06346,nan,nan,nan
nan,-0.049024,nan,nan,nan,nan,-0.009379996,-0.06384,-0.08846,nan,nan,nan
nan,-0.052024,nan,nan,nan,nan,-0.013379997,-0.058840003,-0.09546,nan,nan,nan
nan,-0.053023998,nan,nan,nan,nan,-0.014379997,-0.06284,-0.09646,nan,nan,nan
nan,-0.053023998,nan,nan,nan,nan,-0.004379997,-0.07784,-0.10046,nan,nan,nan
nan,-0.053023998,nan,nan,nan,nan,0.0006200038,-0.08884,-0.09246,nan,nan,nan
nan,-0.052024,nan,nan,nan,nan,-0.008379997,-0.09184001,-0.09946,nan,nan,nan
nan,-0.056024,nan,nan,nan,nan,-0.014379997,-0.09984,-0.11046,nan,nan,nan
nan,-0.058023997,nan,nan,nan,nan,-0.020379996,-0.101840004,-0.109459996,nan,nan,nan
nan,-0.058023997,nan,nan,nan,nan,-0.028379995,-0.10484,-0.109459996,nan,nan,nan
nan,-0.058023997,nan,nan,nan,nan,-0.022379996,-0.10784,-0.109459996,nan,nan,nan
nan,-0.058023997,nan,nan,nan,nan,-0.018379997,-0.11084,-0.109459996,nan,nan,nan
nan,-0.057024002,nan,nan,nan,nan,-0.03538,-0.11084,-0.108459994,nan,nan,nan
nan,-0.054024,nan,nan,nan,nan,-0.029379997,-0.11084,-0.112459995,nan,nan,nan
nan,-0.051023997,nan,nan,nan,nan,-0.033379994,-0.11484,-0.11446,nan,nan,nan
nan,-0.048024,nan,nan,nan,nan,-0.052379996,-0.124840006,-0.11346,nan,nan,nan
nan,-0.046024,nan,nan,nan,nan,-0.034379996,-0.12184,-0.12646,nan,nan,nan
nan,-0.042023998,nan,nan,nan,nan,-0.028379995,-0.11584,-0.13046,nan,nan,nan
nan,-0.046024,nan,nan,nan,nan,-0.033379994,-0.12184,-0.12845999,nan,nan,nan
nan,-0.048024,nan,nan,nan,nan,-0.030379996,-0.119839996,-0.12945999,nan,nan,nan
nan,-0.048024,nan,nan,nan,nan,-0.042379998,-0.12084,-0.12945999,nan,nan,nan
nan,-0.048024,nan,nan,nan,nan,-0.044379994,-0.12084,-0.12945999,nan,nan,nan
nan,-0.048024,nan,nan,nan,nan,-0.040379997,-0.119839996,-0.12446,nan,nan,nan
nan,-0.048024,nan,nan,nan,nan,-0.038379997,-0.124840006,-0.12446,nan,nan,nan
nan,-0.043024,nan,nan,nan,nan,-0.034379996,-0.124840006,-0.123459995,nan,nan,nan
nan,-0.040023997,nan,nan,nan,nan,-0.033379994,-0.12684001,-0.11846,nan,nan,nan
nan,-0.036024,nan,nan,nan,nan,-0.030379996,-0.12284,-0.120459996,nan,nan,nan
nan,-0.033024,nan,nan,nan,nan,-0.024379997,-0.119839996,-0.116459996,nan,nan,nan
nan,-0.028024,nan,nan,nan,nan,-0.019379996,-0.10884,-0.11446,nan,nan,nan
nan,-0.031023998,nan,nan,nan,nan,-0.016379997,-0.11384001,-0.11346,nan,nan,nan
nan,-0.051023997,nan,nan,nan,nan,-0.010379996,-0.15184,-0.12246,nan,nan,nan
nan,-0.053023998,nan,nan,nan,nan,-0.009379996,-0.15384,-0.12546,nan,nan,nan
nan,-0.047024,nan,nan,nan,nan,-0.013379997,-0.14384,-0.120459996,nan,nan,nan
nan,-0.046024,nan,nan,nan,nan,-0.013379997,-0.14084001,-0.119459994,nan,nan,nan
nan,-0.039024,nan,nan,nan,nan,-0.013379997,-0.12884,-0.11446,nan,nan,nan
nan,-0.039024,nan,nan,nan,nan,-0.013379997,-0.123840004,-0.11545999,nan,nan,nan
nan,-0.030024,nan,nan,nan,nan,-0.013379997,-0.11784001,-0.10646,nan,nan,nan
nan,-0.021024,nan,nan,nan,nan,-0.0073799957,-0.11384001,-0.11146,nan,nan,nan
nan,-0.0060240002,nan,nan,nan,nan,0.009620003,-0.10884,-0.108459994,nan,nan,nan
nan,0.025975998,nan,nan,nan,nan,0.019620005,-0.10484,-0.07746,nan,nan,nan
nan,0.032976,nan,nan,nan,nan,0.015620004,-0.09984,-0.07446,nan,nan,nan
nan,0.023976002,nan,nan,nan,nan,0.018620003,-0.09684,-0.075459994,nan,nan,nan
nan,0.021976,nan,nan,nan,nan,0.0026200041,-0.090840004,-0.06946,nan,nan,nan
nan,0.014976,nan,nan,nan,nan,-0.027379997,-0.09584,-0.06946,nan,nan,nan
nan,0.007976,nan,nan,nan,nan,-0.029379997,-0.10384,-0.06946,nan,nan,nan
nan,0.015976,nan,nan,nan,nan,-0.025379997,-0.094840005,-0.06946,nan,nan,nan
nan,0.018976,nan,nan,nan,nan,-0.022379996,-0.09784,-0.06946,nan,nan,nan
nan,-0.011023999,nan,nan,nan,nan,-0.016379997,-0.08584,-0.07346,nan,nan,nan
nan,-0.048024,nan,nan,nan,nan,-0.010379996,-0.10384,-0.09546,nan,nan,nan
nan,-0.052024,nan,nan,nan,nan,-0.016379997,-0.13184,-0.105459996,nan,nan,nan
nan,-0.055023998,nan,nan,nan,nan,-0.011379996,-0.11384001,-0.105459996,nan,nan,nan
nan,-0.051023997,nan,nan,nan,nan,-0.015379996,-0.14384,-0.10445999,nan,nan,nan
nan,-0.055023998,nan,nan,nan,nan,-0.013379997,-0.14184,-0.101459995,nan,nan,nan
nan,-0.052024,nan,nan,nan,nan,-0.004379997,-0.12884,-0.109459996,nan,nan,nan
nan,-0.051023997,nan,nan,nan,nan,0.0026200041,-0.14784001,-0.09546,nan,nan,nan
nan,-0.049024,nan,nan,nan,nan,0.015620004,-0.15584001,-0.11146,nan,nan,nan
nan,-0.040023997,nan,nan,nan,nan,-0.011379996,-0.14384,-0.08746,nan,nan,nan
nan,-0.092024,nan,nan,nan,nan,0.10062,-0.11784001,-0.11746,nan,nan,nan
nan,-0.037024,nan,nan,nan,nan,0.22362,0.08716,0.0035400009,nan,nan,nan
nan,0.105976,nan,nan,nan,nan,0.18662,0.60216,0.39354,nan,nan,nan
nan,0.562976,nan,nan,nan,nan,-0.26938,0.78016,1.07654,nan,nan,nan
nan,0.688976,nan,nan,nan,nan,-0.86638,0.01416,1.03854,nan,nan,nan
nan,-0.068024,nan,nan,nan,nan,-0.78937995,-0.93184,-0.43846002,nan,nan,nan
nan,-0.516024,nan,nan,nan,nan,-0.64037997,-1.01684,-1.04546,nan,nan,nan
nan,-0.492024,nan,nan,nan,nan,-0.63038,-0.74884003,-0.74245995,nan,nan,nan
nan,-0.312024,nan,nan,nan,nan,-0.32738,-0.48984,-0.53246,nan,nan,nan
nan,-0.116024,nan,nan,nan,nan,-0.06838,-0.15784,-0.18146,nan,nan,nan
nan,-0.083024,nan,nan,nan,nan,0.032620005,-0.030839998,-0.08946,nan,nan,nan
nan,-0.053023998,nan,nan,nan,nan,0.07562,0.02316,-0.03946,nan,nan,nan
nan,-0.059024,nan,nan,nan,nan,0.08862001,0.052160002,-0.009459998,nan,nan,nan
nan,-0.053023998,nan,nan,nan,nan,0.10062,0.06616,0.004540001,nan,nan,nan
nan,-0.050024,nan,nan,nan,nan,0.10762,0.07316,0.02954,nan,nan,nan
nan,-0.048024,nan,nan,nan,nan,0.117620006,0.10516,0.02954,nan,nan,nan
nan,-0.051023997,nan,nan,nan,nan,0.11562,0.14416,0.04254,nan,nan,nan
nan,-0.071024,nan,nan,nan,nan,0.117620006,0.13116,0.047539998,nan,nan,nan
nan,-0.066024,nan,nan,nan,nan,0.11562,0.13915999,0.06154,nan,nan,nan
nan,-0.069024,nan,nan,nan,nan,0.12262,0.15216,0.060539998,nan,nan,nan
nan,-0.068024,nan,nan,nan,nan,0.13762,0.17716,0.08354,nan,nan,nan
nan,-0.066024,nan,nan,nan,nan,0.13562,0.20616,0.09854,nan,nan,nan
nan,-0.084024,nan,nan,nan,nan,0.13662,0.22715999,0.107540004,nan,nan,nan
nan,-0.083024,nan,nan,nan,nan,0.13662,0.25916,0.13154,nan,nan,nan
nan,-0.069024,nan,nan,nan,nan,0.13662,0.30416,0.15854001,nan,nan,nan
nan,-0.063024,nan,nan,nan,nan,0.13462001,0.36116,0.19954,nan,nan,nan
nan,-0.042023998,nan,nan,nan,nan,0.12562001,0.40016,0.23554,nan,nan,nan
nan,-0.005024,nan,nan,nan,nan,0.11962001,0.43216002,0.26253998,nan,nan,nan
nan,0.046976,nan,nan,nan,nan,0.11162001,0.46316,0.30354,nan,nan,nan
nan,0.084976,nan,nan,nan,nan,0.10362001,0.45716003,0.32854,nan,nan,nan
nan,0.119976,nan,nan,nan,nan,0.09762,0.44216,0.32553998,nan,nan,nan
nan,0.15297599,nan,nan,nan,nan,0.08562,0.40916002,0.31654,nan,nan,nan
nan,0.14397599,nan,nan,nan,nan,0.07162,0.35416,0.30453998,nan,nan,nan
nan,0.13797599,nan,nan,nan,nan,0.057620004,0.30416,0.27653998,nan,nan,nan
nan,0.129976,nan,nan,nan,nan,0.043620005,0.23415999,0.22354001,nan,nan,nan
nan,0.105976,nan,nan,nan,nan,0.029620003,0.16716,0.18054001,nan,nan,nan
nan,0.067976,nan,nan,nan,nan,0.021620005,0.11716,0.13854,nan,nan,nan
nan,0.027975999,nan,nan,nan,nan,0.016620003,0.05616,0.08754,nan,nan,nan
nan,0.008976,nan,nan,nan,nan,0.011620004,0.0071599996,0.04654,nan,nan,nan
nan,-0.0010240003,nan,nan,nan,nan,0.007620003,-0.019839998,0.01854,nan,nan,nan
nan,-0.014024,nan,nan,nan,nan,0.0026200041,-0.048839998,0.0055400007,nan,nan,nan
nan,-0.034024,nan,nan,nan,nan,0.0036200043,-0.06084,-0.005459999,nan,nan,nan
nan,-0.039024,nan,nan,nan,nan,0.007620003,-0.07484,-0.01646,nan,nan,nan
nan,-0.037024,nan,nan,nan,nan,0.006620003,-0.08584,-0.020459998,nan,nan,nan
nan,-0.038024,nan,nan,nan,nan,0.006620003,-0.06684,-0.017459998,nan,nan,nan
nan,-0.050024,nan,nan,nan,nan,0.007620003,-0.07784,-0.02646,nan,nan,nan
nan,-0.064024,nan,nan,nan,nan,0.0056200027,-0.09684,-0.04046,nan,nan,nan
nan,-0.063024,nan,nan,nan,nan,0.001620004,-0.08884,-0.03946,nan,nan,nan
nan,-0.063024,nan,nan,nan,nan,-0.011379996,-0.08484,-0.03946,nan,nan,nan
nan,-0.063024,nan,nan,nan,nan,-0.004379997,-0.07884,-0.03946,nan,nan,nan
nan,-0.063024,nan,nan,nan,nan,0.017620005,-0.072840005,-0.03946,nan,nan,nan
nan,-0.061024003,nan,nan,nan,nan,0.016620003,-0.068840005,-0.03746,nan,nan,nan
nan,-0.057024002,nan,nan,nan,nan,0.016620003,-0.064840004,-0.030459998,nan,nan,nan
nan,-0.055023998,nan,nan,nan,nan,0.013620004,-0.06384,-0.023459999,nan,nan,nan
nan,-0.052024,nan,nan,nan,nan,0.010620005,-0.058840003,-0.017459998,nan,nan,nan
nan,-0.049024,nan,nan,nan,nan,0.011620004,-0.05784,-0.010459999,nan,nan,nan
nan,-0.047024,nan,nan,nan,nan,0.006620003,-0.054840002,-0.004459999,nan,nan,nan
nan,-0.043024,nan,nan,nan,nan,0.007620003,-0.05184,-0.004459999,nan,nan,nan
nan,-0.038024,nan,nan,nan,nan,0.0046200044,-0.050839998,-0.005459999,nan,nan,nan
nan,-0.033024,nan,nan,nan,nan,0.001620004,-0.048839998,-0.0034599993,nan,nan,nan
nan,-0.030024,nan,nan,nan,nan,0.0006200038,-0.04784,-0.0074599995,nan,nan,nan
nan,-0.023024,nan,nan,nan,nan,0.007620003,-0.04084,-0.009459998,nan,nan,nan
nan,-0.028024,nan,nan,nan,nan,0.012620002,-0.06284,-0.009459998,nan,nan,nan
nan,-0.043024,nan,nan,nan,nan,0.006620003,-0.06684,-0.024459999,nan,nan,nan
nan,-0.044023998,nan,nan,nan,nan,0.0046200044,-0.064840004,-0.031460002,nan,nan,nan
nan,-0.042023998,nan,nan,nan,nan,-0.00037999637,-0.09584,-0.03246,nan,nan,nan
nan,-0.039024,nan,nan,nan,nan,-0.0033799969,-0.09384,-0.03946,nan,nan,nan
nan,-0.037024,nan,nan,nan,nan,0.0006200038,-0.08484,-0.03646,nan,nan,nan
nan,-0.040023997,nan,nan,nan,nan,0.001620004,-0.08584,-0.03446,nan,nan,nan
nan,-0.046024,nan,nan,nan,nan,0.001620004,-0.075840004,-0.03446,nan,nan,nan
nan,-0.048024,nan,nan,nan,nan,0.001620004,-0.08084001,-0.03546,nan,nan,nan
nan,-0.050024,nan,nan,nan,nan,0.001620004,-0.094840005,-0.033460002,nan,nan,nan
nan,-0.053023998,nan,nan,nan,nan,0.001620004,-0.08184,-0.03546,nan,nan,nan
nan,-0.054024,nan,nan,nan,nan,0.001620004,-0.112840004,-0.04046,nan,nan,nan
nan,-0.058023997,nan,nan,nan,nan,0.001620004,-0.119839996,-0.042460002,nan,nan,nan
nan,-0.060024,nan,nan,nan,nan,-0.0023799967,-0.08184,-0.053460002,nan,nan,nan
nan,-0.063024,nan,nan,nan,nan,-0.004379997,-0.10084,-0.055460002,nan,nan,nan
nan,-0.067024,nan,nan,nan,nan,-0.0073799957,-0.09984,-0.053460002,nan,nan,nan
nan,-0.068024,nan,nan,nan,nan,-0.009379996,-0.10284001,-0.05446,nan,nan,nan
nan,-0.068024,nan,nan,nan,nan,0.007620003,-0.12084,-0.05446,nan,nan,nan
nan,-0.068024,nan,nan,nan,nan,0.011620004,-0.11584,-0.053460002,nan,nan,nan
nan,-0.069024,nan,nan,nan,nan,0.0056200027,-0.11084,-0.04946,nan,nan,nan
nan,-0.066024,nan,nan,nan,nan,0.0046200044,-0.10384,-0.04646,nan,nan,nan
nan,-0.063024,nan,nan,nan,nan,-0.0013799965,-0.09984,-0.044460002,nan,nan,nan
nan,-0.063024,nan,nan,nan,nan,-0.0033799969,-0.09584,-0.04046,nan,nan,nan
nan,-0.061024003,nan,nan,nan,nan,0.001620004,-0.09584,-0.03946,nan,nan,nan
nan,-0.057024002,nan,nan,nan,nan,0.009620003,-0.09284,-0.04346,nan,nan,nan
nan,-0.058023997,nan,nan,nan,nan,0.011620004,-0.090840004,-0.044460002,nan,nan,nan
nan,-0.070024,nan,nan,nan,nan,0.010620005,-0.090840004,-0.044460002,nan,nan,nan
nan,-0.072024,nan,nan,nan,nan,0.015620004,-0.087840006,-0.044460002,nan,nan,nan
nan,-0.064024,nan,nan,nan,nan,0.016620003,-0.08484,-0.044460002,nan,nan,nan
nan,-0.062023997,nan,nan,nan,nan,0.016620003,-0.087840006,-0.042460002,nan,nan,nan
nan,-0.056024,nan,nan,nan,nan,0.016620003,-0.098840006,-0.03946,nan,nan,nan
nan,-0.053023998,nan,nan,nan,nan,0.016620003,-0.09984,-0.03646,nan,nan,nan
nan,-0.059024,nan,nan,nan,nan,0.017620005,-0.09184001,-0.03446,nan,nan,nan
nan,-0.064024,nan,nan,nan,nan,0.014620002,-0.090840004,-0.030459998,nan,nan,nan
nan,-0.063024,nan,nan,nan,nan,0.025620002,-0.083840005,-0.028459998,nan,nan,nan
nan,-0.063024,nan,nan,nan,nan,0.037620004,-0.08184,-0.03446,nan,nan,nan
nan,-0.063024,nan,nan,nan,nan,0.036620002,-0.090840004,-0.03246,nan,nan,nan
nan,-0.063024,nan,nan,nan,nan,0.035620004,-0.086840004,-0.024459999,nan,nan,nan
nan,-0.061024003,nan,nan,nan,nan,0.037620004,-0.08184,-0.018459998,nan,nan,nan
nan,-0.036024,nan,nan,nan,nan,0.034620002,-0.07784,-0.012459999,nan,nan,nan
nan,-0.012023999,nan,nan,nan,nan,0.044620007,-0.07384,-0.004459999,nan,nan,nan
nan,-0.011023999,nan,nan,nan,nan,0.060620002,-0.068840005,0.004540001,nan,nan,nan
nan,-0.004024,nan,nan,nan,nan,0.057620004,-0.04784,0.015540001,nan,nan,nan
nan,-0.0060240002,nan,nan,nan,nan,0.04562,-0.037839998,0.023540001,nan,nan,nan
nan,-0.026023999,nan,nan,nan,nan,0.012620002,-0.04484,0.01954,nan,nan,nan
nan,-0.029023997,nan,nan,nan,nan,-0.010379996,-0.06984001,0.014540002,nan,nan,nan
nan,-0.027024,nan,nan,nan,nan,-0.00037999637,-0.08584,0.011540001,nan,nan,nan
nan,-0.029023997,nan,nan,nan,nan,0.010620005,-0.08584,0.0055400007,nan,nan,nan
nan,-0.035024,nan,nan,nan,nan,0.013620004,-0.08984,-0.00045999914,nan,nan,nan
nan,-0.060024,nan,nan,nan,nan,0.018620003,-0.090840004,-0.01646,nan,nan,nan
nan,-0.072024,nan,nan,nan,nan,0.014620002,-0.08984,-0.031460002,nan,nan,nan
nan,-0.073024,nan,nan,nan,nan,0.017620005,-0.083840005,-0.04346,nan,nan,nan
nan,-0.069024,nan,nan,nan,nan,0.015620004,-0.08884,-0.04746,nan,nan,nan
nan,-0.064024,nan,nan,nan,nan,0.008620005,-0.08184,-0.03846,nan,nan,nan
nan,-0.067024,nan,nan,nan,nan,0.016620003,-0.101840004,-0.05446,nan,nan,nan
nan,-0.056024,nan,nan,nan,nan,0.0026200041,-0.10484,-0.04146,nan,nan,nan
nan,-0.085024,nan,nan,nan,nan,0.027620003,-0.090840004,-0.05846,nan,nan,nan
nan,-0.075024,nan,nan,nan,nan,0.010620005,-0.086840004,-0.04146,nan,nan,nan
nan,-0.111024,nan,nan,nan,nan,0.08562,-0.06384,-0.05246,nan,nan,nan
nan,-0.112024,nan,nan,nan,nan,0.21162,0.01416,-0.011459999,nan,nan,nan
nan,-0.005024,nan,nan,nan,nan,0.22462,0.45316002,0.27653998,nan,nan,nan
nan,0.352976,nan,nan,nan,nan,-0.040379997,0.92715997,0.86354,nan,nan,nan
nan,0.742976,nan,nan,nan,nan,-0.71138,0.55916,1.2745401,nan,nan,nan
nan,0.18997599,nan,nan,nan,nan,-0.85337996,-0.55184,0.13954,nan,nan,nan
nan,-0.476024,nan,nan,nan,nan,-0.62538,-1.05784,-0.94246,nan,nan,nan
nan,-0.544024,nan,nan,nan,nan,-0.63738,-0.81684,-0.76146,nan,nan,nan
nan,-0.414024,nan,nan,nan,nan,-0.40538,-0.55784,-0.54846,nan,nan,nan
nan,-0.18702401,nan,nan,nan,nan,-0.100379996,-0.23084,-0.22746,nan,nan,nan
nan,-0.115024,nan,nan,nan,nan,0.043620005,-0.04784,-0.03546,nan,nan,nan
nan,-0.084024,nan,nan,nan,nan,0.083620004,0.02116,-0.004459999,nan,nan,nan
nan,-0.084024,nan,nan,nan,nan,0.091620006,0.074159995,0.03454,nan,nan,nan
nan,-0.096024,nan,nan,nan,nan,0.117620006,0.09716,0.036539998,nan,nan,nan
nan,-0.079024,nan,nan,nan,nan,0.12262,0.12716,0.06154,nan,nan,nan
nan,-0.082024,nan,nan,nan,nan,0.12362,0.12016,0.05354,nan,nan,nan
nan,-0.071024,nan,nan,nan,nan,0.12762,0.13915999,0.078540005,nan,nan,nan
nan,-0.074024,nan,nan,nan,nan,0.14062001,0.14316,0.085540004,nan,nan,nan
nan,-0.073024,nan,nan,nan,nan,0.13262,0.15916,0.093540005,nan,nan,nan
nan,-0.071024,nan,nan,nan,nan,0.124620005,0.17916,0.11054,nan,nan,nan
nan,-0.082024,nan,nan,nan,nan,0.11862001,0.18816,0.11354,nan,nan,nan
nan,-0.088024,nan,nan,nan,nan,0.10862,0.21915999,0.119540006,nan,nan,nan
nan,-0.082024,nan,nan,nan,nan,0.109620005,0.25216,0.13354,nan,nan,nan
nan,-0.078024,nan,nan,nan,nan,0.11162001,0.27816,0.14854,nan,nan,nan
nan,-0.074024,nan,nan,nan,nan,0.11162001,0.32416,0.16654,nan,nan,nan
nan,-0.063024,nan,nan,nan,nan,0.11362,0.37316,0.20254001,nan,nan,nan
nan,-0.038024,nan,nan,nan,nan,0.11562,0.40516,0.24154,nan,nan,nan
nan,-0.009024001,nan,nan,nan,nan,0.10762,0.45116,0.26454,nan,nan,nan
nan,0.032976,nan,nan,nan,nan,0.09962001,0.46516,0.29154,nan,nan,nan
nan,0.077976,nan,nan,nan,nan,0.09062,0.48416,0.30953997,nan,nan,nan
nan,0.111976,nan,nan,nan,nan,0.07962,0.49316,0.31853998,nan,nan,nan
nan,0.15897599,nan,nan,nan,nan,0.06662001,0.43716002,0.31654,nan,nan,nan
nan,0.176976,nan,nan,nan,nan,0.054620005,0.39716002,0.30453998,nan,nan,nan
nan,0.16697599,nan,nan,nan,nan,0.042620003,0.35616,0.28553998,nan,nan,nan
nan,0.155976,nan,nan,nan,nan,0.031620003,0.28216,0.24554001,nan,nan,nan
nan,0.13097599,nan,nan,nan,nan,0.023620002,0.20016,0.19954,nan,nan,nan
nan,0.096976005,nan,nan,nan,nan,0.019620005,0.12316,0.15354,nan,nan,nan
nan,0.056976,nan,nan,nan,nan,nan,nan,nan,0.092108004,-0.029059997,0.029244002
nan,0.025975998,nan,nan,nan,nan,nan,nan,nan,0.058108002,-0.061059996,0.00024400139
nan,0.0049759997,nan,nan,nan,nan,nan,nan,nan,0.017108,-0.08506,-0.023755997
nan,-0.005024,nan,nan,nan,nan,nan,nan,nan,-0.007892,-0.10205999,-0.036755998
nan,-0.018024001,nan,nan,nan,nan,nan,nan,nan,-0.016892,-0.10305999,-0.034755997
nan,-0.026023999,nan,nan,nan,nan,nan,nan,nan,-0.029892001,-0.104059994,-0.036755998
nan,-0.023024,nan,nan,nan,nan,nan,nan,nan,-0.038892,-0.112059996,-0.052755997
nan,-0.023024,nan,nan,nan,nan,nan,nan,nan,-0.042892,-0.11306,-0.056755997
nan,-0.023024,nan,nan,nan,nan,nan,nan,nan,-0.040892,-0.11306,-0.054755997
nan,-0.028024,nan,nan,nan,nan,nan,nan,nan,-0.045892,-0.11306,-0.056755997
nan,-0.024023999,nan,nan,nan,nan,nan,nan,nan,-0.046892,-0.11406,-0.054755997
nan,-0.033024,nan,nan,nan,nan,nan,nan,nan,-0.046892,-0.11506,-0.056755997
nan,-0.048024,nan,nan,nan,nan,nan,nan,nan,-0.051891997,-0.112059996,-0.059756
nan,-0.044023998,nan,nan,nan,nan,nan,nan,nan,-0.049892,-0.11406,-0.060755998
nan,-0.037024,nan,nan,nan,nan,nan,nan,nan,-0.045892,-0.112059996,-0.060755998
nan,-0.031023998,nan,nan,nan,nan,nan,nan,nan,-0.043892,-0.11506,-0.060755998
nan,-0.023024,nan,nan,nan,nan,nan,nan,nan,-0.040892,-0.12006,-0.060755998
nan,-0.020024002,nan,nan,nan,nan,nan,nan,nan,-0.037892,-0.11705999,-0.058755998
nan,-0.020024002,nan,nan,nan,nan,nan,nan,nan,-0.035892,-0.11306,-0.053756
nan,-0.015024,nan,nan,nan,nan,nan,nan,nan,-0.032892,-0.11005999,-0.050756
nan,-0.009024001,nan,nan,nan,nan,nan,nan,nan,-0.028892,-0.105059996,-0.047755998
nan,-0.0020239996,nan,nan,nan,nan,nan,nan,nan,-0.024891999,-0.10305999,-0.042756
nan,0.000976,nan,nan,nan,nan,nan,nan,nan,-0.021892,-0.10706,-0.040756
nan,0.010976,nan,nan,nan,nan,nan,nan,nan,-0.015891999,-0.10806,-0.040756
nan,0.010976,nan,nan,nan,nan,nan,nan,nan,-0.021892,-0.10806,-0.041755997
nan,0.007976,nan,nan,nan,nan,nan,nan,nan,-0.036892,-0.10806,-0.039756
nan,0.017976,nan,nan,nan,nan,nan,nan,nan,-0.036892,-0.10806,-0.044756
nan,0.012976,nan,nan,nan,nan,nan,nan,nan,-0.035892,-0.10606,-0.055756
nan,0.006976,nan,nan,nan,nan,nan,nan,nan,-0.037892,-0.10205999,-0.055756
nan,0.010976,nan,nan,nan,nan,nan,nan,nan,-0.035892,-0.10305999,-0.055756
nan,0.021976,nan,nan,nan,nan,nan,nan,nan,-0.039892,-0.10305999,-0.055756
nan,0.021976,nan,nan,nan,nan,nan,nan,nan,-0.041892,-0.10305999,-0.055756
nan,0.021976,nan,nan,nan,nan,nan,nan,nan,-0.041892,-0.10205999,-0.055756
nan,0.021976,nan,nan,nan,nan,nan,nan,nan,-0.047892,-0.09806,-0.055756
nan,0.021976,nan,nan,nan,nan,nan,nan,nan,-0.051891997,-0.09806,-0.055756
nan,0.021976,nan,nan,nan,nan,nan,nan,nan,-0.051891997,-0.09806,-0.055756
nan,0.015976,nan,nan,nan,nan,nan,nan,nan,-0.051891997,-0.09806,-0.055756
nan,0.011976,nan,nan,nan,nan,nan,nan,nan,-0.051891997,-0.09806,-0.055756
nan,0.0029759998,nan,nan,nan,nan,nan,nan,nan,-0.051891997,-0.09806,-0.055756
nan,0.005976,nan,nan,nan,nan,nan,nan,nan,-0.052892,-0.09806,-0.054755997
nan,0.017976,nan,nan,nan,nan,nan,nan,nan,-0.055891998,-0.09806,-0.058755998
nan,0.016975999,nan,nan,nan,nan,nan,nan,nan,-0.052892,-0.09806,-0.061756
nan,0.016975999,nan,nan,nan,nan,nan,nan,nan,-0.047892,-0.09806,-0.059756
nan,0.013976,nan,nan,nan,nan,nan,nan,nan,-0.044892,-0.097059995,-0.058755998
nan,0.010976,nan,nan,nan,nan,nan,nan,nan,-0.041892,-0.09306,-0.052755997
nan,0.012976,nan,nan,nan,nan,nan,nan,nan,-0.035892,-0.09306,-0.064756
nan,0.025975998,nan,nan,nan,nan,nan,nan,nan,-0.043892,-0.09306,-0.081755996
nan,0.034976,nan,nan,nan,nan,nan,nan,nan,-0.057892002,-0.09306,-0.075756
nan,0.017976,nan,nan,nan,nan,nan,nan,nan,-0.056892,-0.09306,-0.070755996
nan,0.026976,nan,nan,nan,nan,nan,nan,nan,-0.056892,-0.09106,-0.067756
nan,0.048976,nan,nan,nan,nan,nan,nan,nan,-0.056892,-0.087060004,-0.060755998
nan,0.038976002,nan,nan,nan,nan,nan,nan,nan,-0.055891998,-0.08506,-0.059756
nan,0.031976,nan,nan,nan,nan,nan,nan,nan,-0.059892,-0.082059994,-0.052755997
nan,0.027975999,nan,nan,nan,nan,nan,nan,nan,-0.061892003,-0.07906,-0.053756
nan,0.015976,nan,nan,nan,nan,nan,nan,nan,-0.061892003,-0.07706,-0.069756
nan,0.030976001,nan,nan,nan,nan,nan,nan,nan,-0.061892003,-0.07806,-0.069756
nan,0.048976,nan,nan,nan,nan,nan,nan,nan,-0.061892003,-0.090059996,-0.063756
nan,0.041976,nan,nan,nan,nan,nan,nan,nan,-0.061892003,-0.094060004,-0.061756
nan,0.036976,nan,nan,nan,nan,nan,nan,nan,-0.056892,-0.09206,-0.056755997
nan,0.034976,nan,nan,nan,nan,nan,nan,nan,-0.056892,-0.09306,-0.055756
nan,0.026976,nan,nan,nan,nan,nan,nan,nan,-0.055891998,-0.09306,-0.055756
nan,0.029976,nan,nan,nan,nan,nan,nan,nan,-0.060892,-0.09306,-0.055756
nan,0.034976,nan,nan,nan,nan,nan,nan,nan,-0.070892,-0.087060004,-0.055756
nan,0.032976,nan,nan,nan,nan,nan,nan,nan,-0.062892,-0.08005999,-0.055756
nan,0.039976,nan,nan,nan,nan,nan,nan,nan,-0.054892004,-0.07405999,-0.055756
nan,0.059976,nan,nan,nan,nan,nan,nan,nan,-0.044892,-0.067059994,-0.051756
nan,0.089976,nan,nan,nan,nan,nan,nan,nan,-0.023892,-0.061059996,-0.044756
nan,0.099976,nan,nan,nan,nan,nan,nan,nan,-0.014892001,-0.054059997,-0.037756
nan,0.092976004,nan,nan,nan,nan,nan,nan,nan,-0.018892001,-0.047059998,-0.031756
nan,0.091976,nan,nan,nan,nan,nan,nan,nan,-0.014892001,-0.041059997,-0.024755998
nan,0.088976,nan,nan,nan,nan,nan,nan,nan,-0.021892,-0.03306,-0.020755999
nan,0.084976,nan,nan,nan,nan,nan,nan,nan,-0.042892,-0.029059997,-0.020755999
nan,0.095976,nan,nan,nan,nan,nan,nan,nan,-0.039892,-0.031059997,-0.020755999
nan,0.084976,nan,nan,nan,nan,nan,nan,nan,-0.043892,-0.038059995,-0.021755999
nan,0.055976,nan,nan,nan,nan,nan,nan,nan,-0.038892,-0.038059995,-0.019755999
nan,0.046976,nan,nan,nan,nan,nan,nan,nan,-0.045892,-0.050059997,-0.028755998
nan,0.040976003,nan,nan,nan,nan,nan,nan,nan,-0.059892,-0.072060004,-0.041755997
nan,0.034976,nan,nan,nan,nan,nan,nan,nan,-0.054892004,-0.072060004,-0.047755998
nan,0.025975998,nan,nan,nan,nan,nan,nan,nan,-0.060892,-0.075059995,-0.052755997
nan,0.024976,nan,nan,nan,nan,nan,nan,nan,-0.050892003,-0.06906,-0.047755998
nan,0.023976002,nan,nan,nan,nan,nan,nan,nan,-0.065892,-0.07806,-0.049755998
nan,0.028976,nan,nan,nan,nan,nan,nan,nan,-0.045892,-0.067059994,-0.041755997
nan,0.008976,nan,nan,nan,nan,nan,nan,nan,-0.069892,-0.075059995,-0.048756
nan,0.016975999,nan,nan,nan,nan,nan,nan,nan,-0.043892,-0.06406,-0.041755997
nan,-0.004024,nan,nan,nan,nan,nan,nan,nan,-0.081892,-0.104059994,-0.073756
nan,-0.0060240002,nan,nan,nan,nan,nan,nan,nan,-0.123891994,-0.22005999,-0.16875601
nan,0.075976,nan,nan,nan,nan,nan,nan,nan,0.069108,-0.12405999,-0.111756
nan,0.407976,nan,nan,nan,nan,nan,nan,nan,0.667108,0.41594,0.300244
nan,0.850976,nan,nan,nan,nan,nan,nan,nan,1.501108,1.2199401,0.925244
nan,0.38097602,nan,nan,nan,nan,nan,nan,nan,0.653108,1.05194,0.88024396
nan,-0.321024,nan,nan,nan,nan,nan,nan,nan,-0.647892,0.21994,0.304244
nan,-0.435024,nan,nan,nan,nan,nan,nan,nan,-0.663892,-0.09306,0.041244
nan,-0.32702398,nan,nan,nan,nan,nan,nan,nan,-0.526892,-0.17106,-0.035756
nan,-0.095024,nan,nan,nan,nan,nan,nan,nan,-0.25089198,-0.13606,-0.053756
nan,-0.016024001,nan,nan,nan,nan,nan,nan,nan,-0.101892,-0.09206,-0.047755998
nan,0.016975999,nan,nan,nan,nan,nan,nan,nan,-0.082892,-0.08306,-0.049755998
nan,0.042976,nan,nan,nan,nan,nan,nan,nan,-0.033892,-0.075059995,-0.040756
nan,0.030976001,nan,nan,nan,nan,nan,nan,nan,-0.048892,-0.097059995,-0.043755997
nan,0.041976,nan,nan,nan,nan,nan,nan,nan,-0.017892,-0.082059994,-0.037756
nan,0.032976,nan,nan,nan,nan,nan,nan,nan,-0.022891998,-0.08005999,-0.034755997
nan,0.039976,nan,nan,nan,nan,nan,nan,nan,-0.007892,-0.072060004,-0.037756
nan,0.032976,nan,nan,nan,nan,nan,nan,nan,-0.008892,-0.06406,-0.041755997
nan,0.030976001,nan,nan,nan,nan,nan,nan,nan,-0.004891999,-0.068059996,-0.036755998
nan,0.026976,nan,nan,nan,nan,nan,nan,nan,0.001108,-0.075059995,-0.035756
nan,0.023976002,nan,nan,nan,nan,nan,nan,nan,0.0021080002,-0.072060004,-0.031756
nan,0.018976,nan,nan,nan,nan,nan,nan,nan,0.0091079995,-0.067059994,-0.030755999
nan,0.016975999,nan,nan,nan,nan,nan,nan,nan,0.017108,-0.06506,-0.037756
nan,0.022976,nan,nan,nan,nan,nan,nan,nan,0.025108,-0.06006,-0.034755997
nan,0.031976,nan,nan,nan,nan,nan,nan,nan,0.036108002,-0.058059998,-0.025755998
nan,0.038976002,nan,nan,nan,nan,nan,nan,nan,0.060108,-0.048059996,-0.021755999
nan,0.042976,nan,nan,nan,nan,nan,nan,nan,0.079108,-0.021059997,-0.008755999
nan,0.070976004,nan,nan,nan,nan,nan,nan,nan,0.104108,0.013940003,0.011244003
nan,0.113976,nan,nan,nan,nan,nan,nan,nan,0.151108,0.046940003,0.038244
nan,0.156976,nan,nan,nan,nan,nan,nan,nan,0.192108,0.08594,0.072244
nan,0.193976,nan,nan,nan,nan,nan,nan,nan,0.219108,0.11794001,0.098244004
nan,0.228976,nan,nan,nan,nan,nan,nan,nan,0.241108,0.15094,0.126244
nan,0.254976,nan,nan,nan,nan,nan,nan,nan,0.238108,0.16494,0.142244
nan,0.251976,nan,nan,nan,nan,nan,nan,nan,0.228108,0.14994001,0.13124399
nan,0.228976,nan,nan,nan,nan,nan,nan,nan,0.208108,0.13594,0.117244005
nan,0.193976,nan,nan,nan,nan,nan,nan,nan,0.171108,0.10694,0.093244
nan,0.162976,nan,nan,nan,nan,nan,nan,nan,0.134108,0.071940005,0.059244
nan,0.13797599,nan,nan,nan,nan,nan,nan,nan,0.092108004,0.04094,0.028244004
nan,0.109976,nan,nan,nan,nan,nan,nan,nan,0.055108,0.010940002,0.008244002
nan,0.089976,nan,nan,nan,nan,nan,nan,nan,0.026108,-0.009059997,-0.0027559986
nan,0.073976,nan,nan,nan,nan,nan,nan,nan,0.008108,-0.021059997,-0.017755998
nan,0.058976002,nan,nan,nan,nan,nan,nan,nan,-0.0018919995,-0.032059997,-0.029755998
nan,0.052976,nan,nan,nan,nan,nan,nan,nan,-0.014892001,-0.044059996,-0.037756
nan,0.047976002,nan,nan,nan,nan,nan,nan,nan,-0.020892002,-0.048059996,-0.044756
nan,0.042976,nan,nan,nan,nan,nan,nan,nan,-0.022891998,-0.044059996,-0.046756
nan,0.036976,nan,nan,nan,nan,nan,nan,nan,-0.026891999,-0.043059997,-0.044756
nan,0.031976,nan,nan,nan,nan,nan,nan,nan,-0.027892001,-0.043059997,-0.041755997
nan,0.031976,nan,nan,nan,nan,nan,nan,nan,-0.025892,-0.039059997,-0.039756
nan,0.031976,nan,nan,nan,nan,nan,nan,nan,-0.027892001,-0.037059996,-0.042756
nan,0.031976,nan,nan,nan,nan,nan,nan,nan,-0.035892,-0.039059997,-0.045755997
nan,0.031976,nan,nan,nan,nan,nan,nan,nan,-0.037892,-0.048059996,-0.045755997
nan,0.031976,nan,nan,nan,nan,nan,nan,nan,-0.036892,-0.04906,-0.045755997
nan,0.033976,nan,nan,nan,nan,nan,nan,nan,-0.036892,-0.045059998,-0.045755997
nan,0.036976,nan,nan,nan,nan,nan,nan,nan,-0.036892,-0.043059997,-0.045755997
nan,0.036976,nan,nan,nan,nan,nan,nan,nan,-0.035892,-0.039059997,-0.042756
nan,0.035976,nan,nan,nan,nan,nan,nan,nan,-0.030892,-0.038059995,-0.037756
nan,0.037976,nan,nan,nan,nan,nan,nan,nan,-0.025892,-0.035059996,-0.035756
nan,0.033976,nan,nan,nan,nan,nan,nan,nan,-0.021892,-0.029059997,-0.030755999
nan,0.051976003,nan,nan,nan,nan,nan,nan,nan,-0.016892,-0.024059998,-0.027755998
nan,0.068976,nan,nan,nan,nan,nan,nan,nan,-0.012892,-0.021059997,-0.023755997
nan,0.065976,nan,nan,nan,nan,nan,nan,nan,-0.007892,-0.015059997,-0.020755999
nan,0.066975996,nan,nan,nan,nan,nan,nan,nan,-0.0068919994,-0.014059997,-0.020755999
nan,0.066975996,nan,nan,nan,nan,nan,nan,nan,-0.0068919994,-0.020059997,-0.020755999
nan,0.078976,nan,nan,nan,nan,nan,nan,nan,-0.0068919994,-0.026059996,-0.020755999
nan,0.082976,nan,nan,nan,nan,nan,nan,nan,-0.0068919994,-0.031059997,-0.020755999
nan,0.077976,nan,nan,nan,nan,nan,nan,nan,-0.007892,-0.037059996,-0.020755999
nan,0.076976,nan,nan,nan,nan,nan,nan,nan,-0.013892001,-0.04206,-0.020755999
nan,0.071976,nan,nan,nan,nan,nan,nan,nan,-0.016892,-0.04006,-0.020755999
nan,0.071976,nan,nan,nan,nan,nan,nan,nan,-0.027892001,-0.035059996,-0.028755998
nan,0.066975996,nan,nan,nan,nan,nan,nan,nan,-0.032892,-0.032059997,-0.031756
nan,0.061976,nan,nan,nan,nan,nan,nan,nan,-0.030892,-0.028059997,-0.030755999
nan,0.057976,nan,nan,nan,nan,nan,nan,nan,-0.032892,-0.024059998,-0.027755998
nan,0.052976,nan,nan,nan,nan,nan,nan,nan,-0.030892,-0.023059998,-0.025755998
nan,0.047976002,nan,nan,nan,nan,nan,nan,nan,-0.032892,-0.023059998,-0.025755998
nan,0.043976,nan,nan,nan,nan,nan,nan,nan,-0.033892,-0.023059998,-0.021755999
nan,0.041976,nan,nan,nan,nan,nan,nan,nan,-0.031892,-0.023059998,-0.018755998
nan,0.040976003,nan,nan,nan,nan,nan,nan,nan,-0.031892,-0.023059998,-0.015755998
nan,0.035976,nan,nan,nan,nan,nan,nan,nan,-0.031892,-0.023059998,-0.012755999
nan,0.037976,nan,nan,nan,nan,nan,nan,nan,-0.031892,-0.032059997,-0.010755999
nan,0.057976,nan,nan,nan,nan,nan,nan,nan,-0.031892,-0.032059997,-0.011755999
nan,0.061976,nan,nan,nan,nan,nan,nan,nan,-0.035892,-0.025059998,-0.024755998
nan,0.052976,nan,nan,nan,nan,nan,nan,nan,-0.036892,-0.022059998,-0.031756
nan,0.051976003,nan,nan,nan,nan,nan,nan,nan,-0.035892,-0.016059998,-0.025755998
nan,0.043976,nan,nan,nan,nan,nan,nan,nan,-0.037892,-0.013059997,-0.023755997
nan,0.042976,nan,nan,nan,nan,nan,nan,nan,-0.033892,-0.013059997,-0.018755998
nan,0.047976002,nan,nan,nan,nan,nan,nan,nan,-0.031892,-0.013059997,-0.015755998
nan,0.044976,nan,nan,nan,nan,nan,nan,nan,-0.031892,-0.013059997,-0.019755999
nan,0.062976,nan,nan,nan,nan,nan,nan,nan,-0.028892,-0.013059997,-0.020755999
nan,0.073976,nan,nan,nan,nan,nan,nan,nan,-0.025892,-0.013059997,-0.020755999
nan,0.065976,nan,nan,nan,nan,nan,nan,nan,-0.027892001,-0.011059998,-0.020755999
nan,0.063976,nan,nan,nan,nan,nan,nan,nan,-0.035892,-0.006059997,-0.020755999
nan,0.059976,nan,nan,nan,nan,nan,nan,nan,-0.037892,-5.999673e-05,-0.018755998
nan,0.056976,nan,nan,nan,nan,nan,nan,nan,-0.035892,0.0029400028,-0.015755998
nan,0.051976003,nan,nan,nan,nan,nan,nan,nan,-0.037892,0.008940004,-0.015755998
nan,0.051976003,nan,nan,nan,nan,nan,nan,nan,-0.035892,0.011940002,-0.015755998
nan,0.060976002,nan,nan,nan,nan,nan,nan,nan,-0.038892,0.0069400026,-0.015755998
nan,0.060976002,nan,nan,nan,nan,nan,nan,nan,-0.041892,0.0069400026,-0.015755998
nan,0.054976,nan,nan,nan,nan,nan,nan,nan,-0.041892,0.0069400026,-0.018755998
nan,0.053976,nan,nan,nan,nan,nan,nan,nan,-0.043892,0.0069400026,-0.021755999
nan,0.046976,nan,nan,nan,nan,nan,nan,nan,-0.046892,0.0069400026,-0.025755998
nan,0.048976,nan,nan,nan,nan,nan,nan,nan,-0.046892,0.004940003,-0.024755998
nan,0.067976,nan,nan,nan,nan,nan,nan,nan,-0.039892,0.0009400025,-0.018755998
nan,0.072976,nan,nan,nan,nan,nan,nan,nan,-0.024891999,0.013940003,-0.011755999
nan,0.100976,nan,nan,nan,nan,nan,nan,nan,-0.011892,0.030940004,-0.0047559985
nan,0.117976,nan,nan,nan,nan,nan,nan,nan,-0.0068919994,0.029940002,0.0012440016
nan,0.118976004,nan,nan,nan,nan,nan,nan,nan,-0.007892,0.047940005,0.017244002
nan,0.134976,nan,nan,nan,nan,nan,nan,nan,-0.005891999,0.058940005,0.030244
nan,0.128976,nan,nan,nan,nan,nan,nan,nan,0.00010799989,0.058940005,0.033244003
nan,0.128976,nan,nan,nan,nan,nan,nan,nan,-0.0038920008,0.06394,0.036244
nan,0.122976,nan,nan,nan,nan,nan,nan,nan,0.007108,0.06394,0.039244004
nan,0.122976,nan,nan,nan,nan,nan,nan,nan,0.020108,0.07694,0.036244
nan,0.114976004,nan,nan,nan,nan,nan,nan,nan,-0.0008920003,0.07094,0.023244001
nan,0.077976,nan,nan,nan,nan,nan,nan,nan,-0.024891999,0.053940002,0.013244001
nan,0.075976,nan,nan,nan,nan,nan,nan,nan,-0.043892,0.033940002,0.0012440016
nan,0.083976,nan,nan,nan,nan,nan,nan,nan,-0.039892,0.026940003,-0.010755999
nan,0.070976004,nan,nan,nan,nan,nan,nan,nan,-0.043892,0.026940003,-0.018755998
nan,0.072976,nan,nan,nan,nan,nan,nan,nan,-0.040892,0.023940004,-0.015755998
nan,0.063976,nan,nan,nan,nan,nan,nan,nan,-0.040892,0.022940002,-0.014755998
nan,0.060976002,nan,nan,nan,nan,nan,nan,nan,-0.044892,0.019940004,-0.015755998
nan,0.057976,nan,nan,nan,nan,nan,nan,nan,-0.034892,0.026940003,-0.0047559985
nan,0.038976002,nan,nan,nan,nan,nan,nan,nan,-0.044892,0.014940003,-0.018755998
nan,0.047976002,nan,nan,nan,nan,nan,nan,nan,-0.016892,0.028940003,-0.016755998
nan,0.011976,nan,nan,nan,nan,nan,nan,nan,-0.094892,-0.06306,-0.084756
nan,0.048976,nan,nan,nan,nan,nan,nan,nan,-0.032892,-0.14006,-0.15375601
nan,0.197976,nan,nan,nan,nan,nan,nan,nan,0.235108,0.096939996,0.020244002
nan,0.654976,nan,nan,nan,nan,nan,nan,nan,1.085108,0.84094,0.586244
nan,0.81497604,nan,nan,nan,nan,nan,nan,nan,1.479108,1.39794,1.057244
nan,0.072976,nan,nan,nan,nan,nan,nan,nan,0.052108,0.81594,0.698244
nan,-0.414024,nan,nan,nan,nan,nan,nan,nan,-0.769892,0.12094,0.179244
nan,-0.403024,nan,nan,nan,nan,nan,nan,nan,-0.58989197,-0.044059996,0.023244001
nan,-0.225024,nan,nan,nan,nan,nan,nan,nan,-0.444892,-0.07106,-0.029755998
nan,-0.0060240002,nan,nan,nan,nan,nan,nan,nan,-0.150892,-0.014059997,-0.019755999
nan,0.033976,nan,nan,nan,nan,nan,nan,nan,-0.087892,0.010940002,-0.018755998
nan,0.048976,nan,nan,nan,nan,nan,nan,nan,-0.042892,0.019940004,-0.009755999
nan,0.050976,nan,nan,nan,nan,nan,nan,nan,-0.021892,0.014940003,-0.0027559986
nan,0.075976,nan,nan,nan,nan,nan,nan,nan,-0.012892,0.021940002,0.0022440017
nan,0.074976005,nan,nan,nan,nan,nan,nan,nan,0.0031080004,0.029940002,0.0022440017
nan,0.063976,nan,nan,nan,nan,nan,nan,nan,-0.0038920008,0.024940003,-0.0057559987
nan,0.060976002,nan,nan,nan,nan,nan,nan,nan,0.010108,0.024940003,-0.0077559985
nan,0.051976003,nan,nan,nan,nan,nan,nan,nan,0.008108,0.019940004,-0.0137559995
nan,0.044976,nan,nan,nan,nan,nan,nan,nan,0.012108,0.022940002,-0.018755998
nan,0.043976,nan,nan,nan,nan,nan,nan,nan,0.0021080002,0.020940002,-0.019755999
nan,0.057976,nan,nan,nan,nan,nan,nan,nan,0.013108,0.024940003,-0.015755998
nan,0.040976003,nan,nan,nan,nan,nan,nan,nan,0.024108,0.031940002,-0.012755999
nan,0.050976,nan,nan,nan,nan,nan,nan,nan,0.032108,0.034940004,-0.010755999
nan,0.078976,nan,nan,nan,nan,nan,nan,nan,0.048108,0.043940004,-0.006755999
nan,0.075976,nan,nan,nan,nan,nan,nan,nan,0.065108,0.052940004,-0.006755999
nan,0.075976,nan,nan,nan,nan,nan,nan,nan,0.073108,0.06694001,0.0012440016
nan,0.105976,nan,nan,nan,nan,nan,nan,nan,0.103108004,0.09094,0.022244003
nan,0.132976,nan,nan,nan,nan,nan,nan,nan,0.142108,0.12794001,0.045244
nan,0.175976,nan,nan,nan,nan,nan,nan,nan,0.186108,0.16594,0.078244
nan,0.22397599,nan,nan,nan,nan,nan,nan,nan,0.218108,0.19594,0.103244
nan,0.249976,nan,nan,nan,nan,nan,nan,nan,0.232108,0.22694,0.13224399
nan,0.287976,nan,nan,nan,nan,nan,nan,nan,0.247108,0.25494,0.158244
nan,0.303976,nan,nan,nan,nan,nan,nan,nan,0.236108,0.26494,0.165244
nan,0.288976,nan,nan,nan,nan,nan,nan,nan,0.221108,0.25494,0.16024399
nan,0.268976,nan,nan,nan,nan,nan,nan,nan,0.195108,0.22794001,0.134244
nan,0.23397599,nan,nan,nan,nan,nan,nan,nan,0.153108,0.18694,0.102244005
nan,0.186976,nan,nan,nan,nan,nan,nan,nan,0.118108,0.15694001,0.076244004
nan,0.191976,nan,nan,nan,nan,nan,nan,nan,0.085108,0.12494001,0.053244002
nan,0.146976,nan,nan,nan,nan,nan,nan,nan,0.044108,0.093940005,0.031244002
nan,0.149976,nan,nan,nan,nan,nan,nan,nan,0.030108001,0.07694,0.014244001
nan,0.096976005,nan,nan,nan,nan,nan,nan,nan,0.005108,0.059940007,0.0012440016
nan,-0.069024,nan,nan,nan,nan,nan,nan,nan,0.008108,0.05194,-0.0137559995
nan,-0.051023997,nan,nan,nan,nan,nan,nan,nan,-0.010892,0.047940005,-0.016755998
nan,-0.021024,nan,nan,nan,nan,nan,nan,nan,-0.022891998,0.048940003,-0.0047559985
